   2.3640590e-03   8.6934446e-01   1.0000000e+00   1.5707963e+00   1.1102230e-16   2.7190993e-03
   2.3640590e-03   8.6934446e-01   1.0000000e+00  -1.2156038e+00   2.7190993e-03   7.6887472e-03
   1.4184354e-03   8.7189383e-01   1.0000000e+00   1.0366282e+00   7.3680712e-03   7.7935017e-03
   5.1697064e-03   8.7823548e-01   1.0000000e+00   6.2988311e-01   1.4562312e-02   7.3618517e-03
   1.6937458e-02   8.8681341e-01   1.0000000e+00   4.8709584e-01   2.1624416e-02   4.1819052e-03
   3.6046866e-02   8.9693497e-01   1.0000000e+00   4.9502319e-01   1.7446026e-02   3.7835868e-03
   5.1398631e-02   9.0522274e-01   1.0000000e+00   4.5241249e-01   2.1155865e-02   4.3860176e-03
   7.0426113e-02   9.1447074e-01   1.0000000e+00   4.0919270e-01   2.5445516e-02   4.9230383e-03
   9.3770907e-02   9.2459472e-01   1.0000000e+00   3.4820689e-01   3.0117580e-02   5.0256569e-03
   1.2208101e-01   9.3487122e-01   1.0000000e+00   3.1521241e-01   3.5044015e-02   4.4334437e-03
   1.5539843e-01   9.4573551e-01   1.0000000e+00   2.5736037e-01   3.8986755e-02   3.5959013e-03
   1.9310116e-01   9.5565876e-01   1.0000000e+00   2.1921385e-01   4.2260700e-02   3.3267869e-03
   2.3435051e-01   9.6484887e-01   1.0000000e+00   1.8051329e-01   4.5157700e-02   2.9528005e-03
   2.7877447e-01   9.7295624e-01   1.0000000e+00   1.4754116e-01   4.7707616e-02   2.3788663e-03
   3.2596377e-01   9.7996957e-01   1.0000000e+00   1.1108246e-01   4.9330465e-02   2.0850066e-03
   3.7499020e-01   9.8543806e-01   1.0000000e+00   7.3770919e-02   5.0309986e-02   2.0077365e-03
   4.2516335e-01   9.8914610e-01   1.0000000e+00   3.5420014e-02   5.0865227e-02   2.0180070e-03
   4.7599667e-01   9.9094737e-01   1.0000000e+00  -2.4361718e-03   5.0261441e-02   2.4343085e-03
   5.2625796e-01   9.9082493e-01   1.0000000e+00  -4.2862970e-02   4.8920843e-02   2.8404776e-03
   5.7513387e-01   9.8872868e-01   1.0000000e+00  -9.2595512e-02   4.7454886e-02   3.3029811e-03
   6.2238547e-01   9.8434085e-01   1.0000000e+00  -1.4756418e-01   4.5428746e-02   3.7882244e-03
   6.6732050e-01   9.7766149e-01   1.0000000e+00  -2.1212598e-01   4.3031168e-02   4.0253513e-03
   7.0938715e-01   9.6860177e-01   1.0000000e+00  -2.8786977e-01   4.0668938e-02   4.3230578e-03
   7.4838259e-01   9.5705544e-01   1.0000000e+00  -3.8037805e-01   3.8539483e-02   4.3237208e-03
   7.8416744e-01   9.4274682e-01   1.0000000e+00  -4.8131003e-01   3.6651759e-02   4.5066758e-03
   8.1665516e-01   9.2577923e-01   1.0000000e+00  -5.9598087e-01   3.5025148e-02   3.6997091e-03
   8.4564192e-01   9.0611889e-01   1.0000000e+00  -6.9920588e-01   3.4240156e-02   3.8585726e-03
   8.7184774e-01   8.8408158e-01   1.0000000e+00  -8.1136744e-01   3.3866409e-02   3.5784649e-03
   8.9516501e-01   8.5952066e-01   1.0000000e+00  -9.1703157e-01   3.3867118e-02   3.6937801e-03
   9.1576229e-01   8.3263695e-01   1.0000000e+00  -1.0260384e+00   3.3989654e-02   3.5631307e-03
   9.3337610e-01   8.0356721e-01   1.0000000e+00  -1.1308648e+00   3.4018548e-02   3.8592373e-03
   9.4786384e-01   7.7278787e-01   1.0000000e+00  -1.2442515e+00   3.3894759e-02   3.7287575e-03
   9.5873634e-01   7.4068424e-01   1.0000000e+00  -1.3540762e+00   3.3678505e-02   3.9878779e-03
   9.6597815e-01   7.0779354e-01   1.0000000e+00  -1.4719800e+00   3.3310068e-02   1.0100519e-01
   9.6926437e-01   6.7464597e-01   1.0000000e+00   1.5602580e+00   3.2831317e-02   4.0188126e-03
   9.6891839e-01   6.4181648e-01   1.0000000e+00   1.4383518e+00   3.2467845e-02   4.1851879e-03
   9.6463076e-01   6.0963299e-01   1.0000000e+00   1.3101026e+00   3.2047008e-02   4.4756721e-03
   9.5637062e-01   5.7866880e-01   1.0000000e+00   1.1705576e+00   3.2228315e-02   4.1049980e-03
   9.4381324e-01   5.4898756e-01   1.0000000e+00   1.0431960e+00   3.2281600e-02   4.1733693e-03
   9.2756070e-01   5.2109568e-01   1.0000000e+00   9.1442176e-01   3.2650454e-02   3.8556483e-03
   9.0763580e-01   4.9522967e-01   1.0000000e+00   7.9720575e-01   3.3118323e-02   4.0262319e-03
   8.8449574e-01   4.7153661e-01   1.0000000e+00   6.8029591e-01   3.4222525e-02   3.4760650e-03
   8.5789161e-01   4.5000985e-01   1.0000000e+00   5.8540626e-01   3.5462548e-02   3.0013762e-03
   8.2833401e-01   4.3041544e-01   1.0000000e+00   5.0968408e-01   3.6803225e-02   2.8726911e-03
   7.9620853e-01   4.1245909e-01   1.0000000e+00   4.4350921e-01   3.8326690e-02   2.7704656e-03
   7.6158989e-01   3.9601266e-01   1.0000000e+00   3.8190999e-01   3.9776399e-02   2.2951839e-03
   7.2467920e-01   3.8118825e-01   1.0000000e+00   3.3428656e-01   4.1072370e-02   1.8419696e-03
   6.8588041e-01   3.6771260e-01   1.0000000e+00   2.9516659e-01   4.1973040e-02   1.6425238e-03
   6.4572255e-01   3.5550268e-01   1.0000000e+00   2.5621605e-01   4.2131398e-02   1.5331519e-03
   6.0496649e-01   3.4482565e-01   1.0000000e+00   2.1986094e-01   4.2198295e-02   1.3912044e-03
   5.6378401e-01   3.3562246e-01   1.0000000e+00   1.9312563e-01   4.1384262e-02   1.6457642e-03
   5.2316911e-01   3.2767969e-01   1.0000000e+00   1.7164063e-01   3.9999355e-02   2.5535353e-03
   4.8375751e-01   3.2084784e-01   1.0000000e+00   1.3818165e-01   3.7824638e-02   3.1450356e-03
   4.4629342e-01   3.1563778e-01   1.0000000e+00   9.8830925e-02   3.5054108e-02   3.8708633e-03
   4.1141037e-01   3.1217899e-01   1.0000000e+00   3.5051943e-02   3.1894178e-02   4.1457661e-03
   3.7953578e-01   3.1106127e-01   1.0000000e+00  -3.7374725e-02   2.8451602e-02   3.6225350e-03
   3.5110405e-01   3.1212439e-01   1.0000000e+00  -1.1659138e-01   2.5615591e-02   3.6920057e-03
   3.2566236e-01   3.1510419e-01   1.0000000e+00  -2.0947403e-01   2.2792453e-02   3.6751830e-03
   3.0336814e-01   3.1984377e-01   1.0000000e+00  -3.1749217e-01   2.0063803e-02   3.3891838e-03
   2.8430710e-01   3.2610739e-01   1.0000000e+00  -4.4549250e-01   1.7852230e-02   3.1600947e-03
   2.6819727e-01   3.3379996e-01   1.0000000e+00  -5.8721993e-01   1.5958943e-02   2.9606270e-03
   2.5491171e-01   3.4264199e-01   1.0000000e+00  -7.5091955e-01   1.4565998e-02   2.3837901e-03
   2.4426306e-01   3.5258054e-01   1.0000000e+00  -9.0955804e-01   1.3980343e-02   1.6431577e-03
   2.3567781e-01   3.6361428e-01   1.0000000e+00  -1.0236903e+00   1.3587915e-02   1.7708256e-03
   2.2860913e-01   3.7521881e-01   1.0000000e+00  -1.1539859e+00   1.3551229e-02   2.2909567e-03
   2.2312297e-01   3.8760985e-01   1.0000000e+00  -1.3190985e+00   1.3059116e-02   2.9082086e-03
   2.1987062e-01   4.0025749e-01   1.0000000e+00  -1.5413425e+00   1.2873993e-02   3.7604277e-02
   2.1949148e-01   4.1312590e-01   1.0000000e+00   1.3793969e+00   1.3324485e-02   3.2787579e-03
   2.2202624e-01   4.2620706e-01   1.0000000e+00   1.1454436e+00   1.4340676e-02   3.4477088e-03
   2.2794381e-01   4.3926989e-01   1.0000000e+00   9.4472647e-01   1.6238411e-02   3.7873475e-03
   2.3745894e-01   4.5242847e-01   1.0000000e+00   7.6989536e-01   1.8745241e-02   4.1462939e-03
   2.5091771e-01   4.6547628e-01   1.0000000e+00   6.2803666e-01   2.1926521e-02   4.1057397e-03
   2.6866027e-01   4.7835937e-01   1.0000000e+00   5.1481879e-01   2.5196753e-02   4.3869880e-03
   2.9059107e-01   4.9076567e-01   1.0000000e+00   4.2593179e-01   2.8968963e-02   4.5188043e-03
   3.1697178e-01   5.0273477e-01   1.0000000e+00   3.4974618e-01   3.2912143e-02   4.9700495e-03
   3.4789141e-01   5.1401242e-01   1.0000000e+00   2.6990121e-01   3.7130637e-02   3.8133138e-03
   3.8367782e-01   5.2391279e-01   1.0000000e+00   2.1346751e-01   4.0316635e-02   3.6077024e-03
   4.2307935e-01   5.3245387e-01   1.0000000e+00   1.6733764e-01   4.3408019e-02   3.2302702e-03
   4.6588104e-01   5.3968381e-01   1.0000000e+00   1.1259172e-01   4.5596012e-02   2.9222749e-03
   5.1118835e-01   5.4480671e-01   1.0000000e+00   5.9531715e-02   4.7235084e-02   2.5305457e-03
   5.5833975e-01   5.4761703e-01   1.0000000e+00   8.1786022e-03   4.7956051e-02   2.5962486e-03
   6.0629420e-01   5.4800924e-01   1.0000000e+00  -4.5945007e-02   4.8016079e-02   2.9958301e-03
   6.5425961e-01   5.4580392e-01   1.0000000e+00  -1.0669050e-01   4.7332334e-02   3.3647230e-03
   7.0132281e-01   5.4076358e-01   1.0000000e+00  -1.7150924e-01   4.5950813e-02   4.2193138e-03
   7.4659945e-01   5.3292117e-01   1.0000000e+00  -2.5455508e-01   4.4150654e-02   4.1252715e-03
   7.8932736e-01   5.2180338e-01   1.0000000e+00  -3.3652443e-01   4.2170579e-02   5.1962566e-03
   8.2913251e-01   5.0787830e-01   1.0000000e+00  -4.3651026e-01   3.9133714e-02   5.2899714e-03
   8.6459676e-01   4.9133337e-01   1.0000000e+00  -5.5359316e-01   3.6489835e-02   5.8935692e-03
   8.9563651e-01   4.7214894e-01   1.0000000e+00  -6.9854501e-01   3.3890261e-02   4.9319669e-03
   9.2158895e-01   4.5035398e-01   1.0000000e+00  -8.3234331e-01   3.1950421e-02   5.4523271e-03
   9.4309620e-01   4.2672629e-01   1.0000000e+00  -9.9053812e-01   2.9905671e-02   4.9985586e-03
   9.5949169e-01   4.0171555e-01   1.0000000e+00  -1.1534870e+00   2.8792774e-02   5.7931758e-03
   9.7116146e-01   3.7539369e-01   1.0000000e+00  -1.3542301e+00   2.8401552e-02   5.3035321e-03
   9.7726431e-01   3.4765557e-01   1.0000000e+00  -1.5409120e+00   2.8526684e-02   8.4801110e-02
   9.7811669e-01   3.1914162e-01   1.0000000e+00   1.4316539e+00   2.9314720e-02   5.2424709e-03
   9.7405091e-01   2.9011022e-01   1.0000000e+00   1.2543776e+00   3.0005165e-02   5.1114519e-03
   9.6471435e-01   2.6159464e-01   1.0000000e+00   1.0929009e+00   3.1633540e-02   4.2153308e-03
   9.5016573e-01   2.3350517e-01   1.0000000e+00   9.7155705e-01   3.3375568e-02   4.4819374e-03
   9.3134142e-01   2.0594479e-01   1.0000000e+00   8.5225120e-01   3.5432807e-02   4.4970664e-03
   9.0801635e-01   1.7927224e-01   1.0000000e+00   7.4277725e-01   3.7708154e-02   4.3798861e-03
   8.8024079e-01   1.5376885e-01   1.0000000e+00   6.4595571e-01   4.0127634e-02   3.3266987e-03
   8.4819788e-01   1.2961355e-01   1.0000000e+00   5.6947065e-01   4.1411049e-02   2.7657915e-03
   8.1332205e-01   1.0728528e-01   1.0000000e+00   5.0342791e-01   4.1823274e-02   2.7362758e-03
   7.7668762e-01   8.7108432e-02   1.0000000e+00   4.4500263e-01   4.0591879e-02   2.7116891e-03
