   2.4570194e-03   8.5388739e-01   1.0000000e+00   1.5707963e+00   1.1102230e-16   3.4878685e-16
   2.4570194e-03   8.5388739e-01   1.0000000e+00  -1.5707963e+00   1.1102230e-16   2.4820477e-03
   2.4570194e-03   8.5388739e-01   1.0000000e+00  -1.2840497e+00   2.4820477e-03   7.1736879e-03
   1.7550138e-03   8.5626809e-01   1.0000000e+00   1.3676611e+00   5.3357089e-03   3.3945426e-03
   2.8314453e-03   8.6149409e-01   1.0000000e+00   9.4745086e-01   7.8843985e-03   1.3268853e-03
   7.4340000e-03   8.6789567e-01   1.0000000e+00   9.1329315e-01   6.5851313e-03   1.7061831e-03
   1.1458453e-02   8.7310794e-01   1.0000000e+00   8.4091094e-01   8.2233832e-03   2.7136013e-03
   1.6941676e-02   8.7923642e-01   1.0000000e+00   7.2643041e-01   1.0768450e-02   3.2027821e-03
   2.4991632e-02   8.8638889e-01   1.0000000e+00   6.2793346e-01   1.3790505e-02   3.2800421e-03
   3.6151505e-02   8.9449045e-01   1.0000000e+00   5.6137270e-01   1.6939493e-02   3.5204386e-03
   5.0491211e-02   9.0350816e-01   1.0000000e+00   4.8063275e-01   2.0183395e-02   3.5239889e-03
   6.8387879e-02   9.1283976e-01   1.0000000e+00   4.1079374e-01   2.3413187e-02   4.1881917e-03
   8.9853186e-02   9.2218952e-01   1.0000000e+00   3.3954589e-01   2.7254835e-02   3.6726971e-03
   1.1555193e-01   9.3126698e-01   1.0000000e+00   2.8817681e-01   3.0650207e-02   3.9715319e-03
   1.4493824e-01   9.3997792e-01   1.0000000e+00   2.5087210e-01   3.4453588e-02   3.6746374e-03
   1.7831330e-01   9.4853098e-01   1.0000000e+00   2.2230144e-01   3.7993926e-02   3.5405734e-03
   2.1537230e-01   9.5690769e-01   1.0000000e+00   1.9002044e-01   4.1315282e-02   3.1053578e-03
   2.5594392e-01   9.6471128e-01   1.0000000e+00   1.6232419e-01   4.4202127e-02   2.1663281e-03
   2.9956498e-01   9.7185489e-01   1.0000000e+00   1.3377763e-01   4.5963033e-02   1.6939188e-03
   3.4511734e-01   9.7798539e-01   1.0000000e+00   1.0987487e-01   4.7252352e-02   1.0629124e-03
   3.9208475e-01   9.8316679e-01   1.0000000e+00   8.9527376e-02   4.7705523e-02   1.2436156e-03
   4.3959922e-01   9.8743204e-01   1.0000000e+00   6.3498814e-02   4.7774411e-02   1.3049941e-03
   4.8727734e-01   9.9046362e-01   1.0000000e+00   3.9016321e-02   4.7195654e-02   2.0084475e-03
   5.3443708e-01   9.9230455e-01   1.0000000e+00   1.3535092e-02   4.5587050e-02   2.6773667e-03
   5.8001995e-01   9.9292156e-01   1.0000000e+00  -1.9730268e-02   4.3380556e-02   2.9051288e-03
   6.2339207e-01   9.9206571e-01   1.0000000e+00  -6.0031121e-02   4.1060360e-02   2.7681503e-03
   6.6437846e-01   9.8960229e-01   1.0000000e+00  -1.0962959e-01   3.9185473e-02   2.9877755e-03
   7.0332869e-01   9.8531500e-01   1.0000000e+00  -1.6207634e-01   3.7016797e-02   3.1783923e-03
   7.3986036e-01   9.7934168e-01   1.0000000e+00  -2.2363064e-01   3.4800850e-02   3.3704989e-03
   7.7379463e-01   9.7162385e-01   1.0000000e+00  -2.9489544e-01   3.2518420e-02   3.3209649e-03
   8.0490931e-01   9.6217271e-01   1.0000000e+00  -3.8359534e-01   3.0872469e-02   2.9819304e-03
   8.3353812e-01   9.5061847e-01   1.0000000e+00  -4.7626011e-01   3.0031167e-02   2.9297371e-03
   8.6022729e-01   9.3685042e-01   1.0000000e+00  -5.6633445e-01   2.8905942e-02   2.9459429e-03
   8.8462025e-01   9.2134116e-01   1.0000000e+00  -6.6413994e-01   2.8077843e-02   3.1896748e-03
   9.0673007e-01   9.0403448e-01   1.0000000e+00  -7.7347431e-01   2.7211875e-02   2.8900060e-03
   9.2619983e-01   8.8502358e-01   1.0000000e+00  -8.7863262e-01   2.6807350e-02   3.5779700e-03
   9.4330840e-01   8.6438548e-01   1.0000000e+00  -1.0099794e+00   2.6171737e-02   4.8059367e-03
   9.5722857e-01   8.4222271e-01   1.0000000e+00  -1.1912669e+00   2.5406403e-02   4.8465854e-03
   9.6664122e-01   8.1862425e-01   1.0000000e+00  -1.3819650e+00   2.5532182e-02   7.5330329e-02
   9.7143390e-01   7.9354592e-01   1.0000000e+00   1.5682068e+00   2.6483413e-02   5.0441068e-03
   9.7136532e-01   7.6706260e-01   1.0000000e+00   1.3833640e+00   2.7699698e-02   5.0543515e-03
   9.6620385e-01   7.3984803e-01   1.0000000e+00   1.2115793e+00   2.9403882e-02   4.9986933e-03
   9.5586717e-01   7.1232093e-01   1.0000000e+00   1.0538959e+00   3.1271979e-02   4.8265088e-03
   9.4041294e-01   6.8513448e-01   1.0000000e+00   9.1822307e-01   3.3572887e-02   4.6938027e-03
   9.2002637e-01   6.5846002e-01   1.0000000e+00   7.9693918e-01   3.5907800e-02   4.5082834e-03
   8.9493044e-01   6.3277803e-01   1.0000000e+00   6.9125758e-01   3.8341760e-02   4.2003898e-03
   8.6539023e-01   6.0833491e-01   1.0000000e+00   5.9781073e-01   4.0534015e-02   4.1160283e-03
   8.3188604e-01   5.8552098e-01   1.0000000e+00   5.1251799e-01   4.2767636e-02   3.3999515e-03
   7.9461351e-01   5.6454887e-01   1.0000000e+00   4.3859603e-01   4.4018553e-02   2.9393979e-03
   7.5476136e-01   5.4585556e-01   1.0000000e+00   3.7328888e-01   4.4631749e-02   3.0680866e-03
   7.1320327e-01   5.2957927e-01   1.0000000e+00   3.0464268e-01   4.4793875e-02   2.4826109e-03
   6.7047196e-01   5.1614324e-01   1.0000000e+00   2.4988517e-01   4.4410308e-02   2.4304832e-03
   6.2744100e-01   5.0516090e-01   1.0000000e+00   1.9661343e-01   4.3853378e-02   2.3967623e-03
   5.8443251e-01   4.9659418e-01   1.0000000e+00   1.4431871e-01   4.3156783e-02   2.7315681e-03
   5.4172438e-01   4.9038744e-01   1.0000000e+00   9.5633803e-02   4.1411243e-02   3.0717647e-03
   5.0050237e-01   4.8643316e-01   1.0000000e+00   4.8080700e-02   3.9053731e-02   3.4501415e-03
   4.6149377e-01   4.8455615e-01   1.0000000e+00  -2.8158741e-03   3.6233710e-02   3.5493037e-03
   4.2526020e-01   4.8465818e-01   1.0000000e+00  -6.0912442e-02   3.3376035e-02   3.6204936e-03
   3.9194607e-01   4.8668994e-01   1.0000000e+00  -1.3315556e-01   3.0675269e-02   4.3662736e-03
   3.6154234e-01   4.9076247e-01   1.0000000e+00  -2.4071437e-01   2.7815489e-02   4.1288095e-03
   3.3452883e-01   4.9739358e-01   1.0000000e+00  -3.4130988e-01   2.4779435e-02   4.5284169e-03
   3.1117874e-01   5.0568779e-01   1.0000000e+00  -4.7133624e-01   2.1597390e-02   4.0676126e-03
   2.9193628e-01   5.1549468e-01   1.0000000e+00  -6.1850692e-01   1.9059164e-02   3.4281363e-03
   2.7640792e-01   5.2654555e-01   1.0000000e+00  -7.7548442e-01   1.7385577e-02   5.1809073e-03
   2.6399320e-01   5.3871653e-01   1.0000000e+00  -1.0454170e+00   1.5190544e-02   4.1008340e-03
   2.5637451e-01   5.5185838e-01   1.0000000e+00  -1.3071320e+00   1.4184809e-02   3.2494089e-03
   2.5267767e-01   5.6555299e-01   1.0000000e+00  -1.5349933e+00   1.3850535e-02   4.0680274e-02
   2.5218188e-01   5.7939465e-01   1.0000000e+00   1.4020918e+00   1.3927132e-02   3.1050177e-03
   2.5452032e-01   5.9312406e-01   1.0000000e+00   1.1806338e+00   1.4285435e-02   3.3393979e-03
   2.5995363e-01   6.0633590e-01   1.0000000e+00   9.5540040e-01   1.5179252e-02   3.3802189e-03
   2.6871634e-01   6.1873044e-01   1.0000000e+00   7.3672514e-01   1.5817961e-02   2.5067195e-03
   2.8043227e-01   6.2935799e-01   1.0000000e+00   6.0184611e-01   1.7133929e-02   2.4608110e-03
   2.9455563e-01   6.3905863e-01   1.0000000e+00   4.8335705e-01   1.8524594e-02   2.2327192e-03
   3.1095804e-01   6.4766801e-01   1.0000000e+00   3.8863655e-01   1.9905248e-02   2.2025602e-03
   3.2937888e-01   6.5521065e-01   1.0000000e+00   3.1238588e-01   2.1501365e-02   1.3611843e-03
   3.4983965e-01   6.6181866e-01   1.0000000e+00   2.5028913e-01   2.1236493e-02   1.1100099e-03
   3.7041443e-01   6.6707860e-01   1.0000000e+00   1.9920703e-01   2.1001289e-02   1.1188967e-03
   3.9100039e-01   6.7123459e-01   1.0000000e+00   1.5315053e-01   2.1563753e-02   1.0562544e-03
   4.1231175e-01   6.7452420e-01   1.0000000e+00   1.1534650e-01   2.2235413e-02   5.1165388e-04
   4.3439941e-01   6.7708329e-01   1.0000000e+00   9.2532418e-02   2.2302168e-02   5.2165350e-04
   4.5660617e-01   6.7914402e-01   1.0000000e+00   7.0199818e-02   2.2457259e-02   1.1705208e-03
   4.7900811e-01   6.8071922e-01   1.0000000e+00   3.0801641e-02   2.3223609e-02   1.2952696e-03
   5.0222071e-01   6.8143443e-01   1.0000000e+00  -1.4763935e-02   2.3970564e-02   1.2582599e-03
   5.2618866e-01   6.8108054e-01   1.0000000e+00  -6.3239578e-02   2.4453265e-02   1.1560201e-03
   5.5059304e-01   6.7953516e-01   1.0000000e+00  -1.0603303e-01   2.4944535e-02   1.3165850e-03
   5.7539748e-01   6.7689517e-01   1.0000000e+00  -1.5714481e-01   2.5272978e-02   1.2059671e-03
   6.0035905e-01   6.7293998e-01   1.0000000e+00  -2.0287791e-01   2.5617152e-02   1.2552859e-03
   6.2545081e-01   6.6777840e-01   1.0000000e+00  -2.5175918e-01   2.5705135e-02   1.5998770e-03
   6.5034561e-01   6.6137505e-01   1.0000000e+00  -3.0606397e-01   2.4923447e-02   1.7763779e-03
   6.7411079e-01   6.5386542e-01   1.0000000e+00  -3.6955525e-01   2.4116316e-02   1.9020121e-03
   6.9659897e-01   6.4515458e-01   1.0000000e+00  -4.3820416e-01   2.3179953e-02   2.2953450e-03
   7.1758877e-01   6.3531901e-01   1.0000000e+00  -5.2746276e-01   2.2186069e-02   2.5704205e-03
   7.3675946e-01   6.2415181e-01   1.0000000e+00  -6.1915458e-01   2.0614840e-02   2.9719484e-03
   7.5354755e-01   6.1218805e-01   1.0000000e+00  -7.2838831e-01   1.8675326e-02   2.7983085e-03
   7.6748398e-01   5.9975649e-01   1.0000000e+00  -8.4756212e-01   1.6979097e-02   2.5217288e-03
   7.7872096e-01   5.8702779e-01   1.0000000e+00  -9.7933358e-01   1.5815768e-02   2.2619299e-03
   7.8753945e-01   5.7389871e-01   1.0000000e+00  -1.1088928e+00   1.4857852e-02   2.9011695e-03
   7.9416090e-01   5.6059787e-01   1.0000000e+00  -1.2977159e+00   1.4118989e-02   2.8597618e-03
   7.9796878e-01   5.4700206e-01   1.0000000e+00  -1.4980459e+00   1.3696999e-02   3.9833654e-02
   7.9896436e-01   5.3334130e-01   1.0000000e+00   1.4098671e+00   1.4259568e-02   2.7938709e-03
   7.9667947e-01   5.1926598e-01   1.0000000e+00   1.2266797e+00   1.5250660e-02   3.2092221e-03
   7.9153443e-01   5.0490941e-01   1.0000000e+00   1.0448971e+00   1.6867272e-02   3.4878027e-03
   7.8306721e-01   4.9032136e-01   1.0000000e+00   8.7749247e-01   1.8914640e-02   3.4270024e-03
   7.7097921e-01   4.7577338e-01   1.0000000e+00   7.5450332e-01   2.1431125e-02   3.1934656e-03
