   0.0000000e+00   8.2588387e-01   1.0000000e+00   1.3507123e+00   3.4311571e-03   4.7489612e-03
   7.4906139e-04   8.2923227e-01   1.0000000e+00   1.0222495e+00   8.0444517e-03   1.0183369e-02
   4.9438232e-03   8.3609646e-01   1.0000000e+00   7.3579233e-01   1.7963665e-02   9.7253631e-03
   1.8260273e-02   8.4815322e-01   1.0000000e+00   5.5344500e-01   2.7120791e-02   4.7564718e-03
   4.1332440e-02   8.6240848e-01   1.0000000e+00   4.9048479e-01   3.1560201e-02   5.4377986e-03
   6.9171839e-02   8.7727502e-01   1.0000000e+00   5.0117575e-01   2.6132881e-02   3.9429479e-03
   9.2090853e-02   8.8983075e-01   1.0000000e+00   4.7090626e-01   2.9995666e-02   3.9916985e-03
   1.1882171e-01   9.0343961e-01   1.0000000e+00   4.1665752e-01   3.3640633e-02   4.3395329e-03
   1.4958428e-01   9.1705418e-01   1.0000000e+00   3.9104377e-01   3.7893760e-02   3.0123550e-03
   1.8461751e-01   9.3149752e-01   1.0000000e+00   3.2633466e-01   3.9643511e-02   2.5521097e-03
   2.2216878e-01   9.4420617e-01   1.0000000e+00   2.8525244e-01   4.1608399e-02   2.0512748e-03
   2.6209581e-01   9.5591476e-01   1.0000000e+00   2.4571993e-01   4.2833994e-02   1.8738273e-03
   3.0364318e-01   9.6633433e-01   1.0000000e+00   2.0217801e-01   4.2653088e-02   2.4466212e-03
   3.4542749e-01   9.7489922e-01   1.0000000e+00   1.4483091e-01   4.2599353e-02   2.5589993e-03
   3.8758084e-01   9.8104738e-01   1.0000000e+00   8.5447672e-02   4.2985564e-02   2.6605095e-03
   4.3040957e-01   9.8471593e-01   1.0000000e+00   2.4124794e-02   4.3345873e-02   2.6587320e-03
   4.7374283e-01   9.8576154e-01   1.0000000e+00  -3.7203482e-02   4.3299508e-02   2.8761149e-03
   5.1701238e-01   9.8415101e-01   1.0000000e+00  -1.0336802e-01   4.3045673e-02   3.0827016e-03
   5.5982829e-01   9.7970939e-01   1.0000000e+00  -1.7357365e-01   4.2437173e-02   3.3148461e-03
   6.0162779e-01   9.7238035e-01   1.0000000e+00  -2.5101430e-01   4.2003554e-02   2.8589228e-03
   6.4231500e-01   9.6194722e-01   1.0000000e+00  -3.1904110e-01   4.1909251e-02   2.9882520e-03
   6.8210937e-01   9.4880213e-01   1.0000000e+00  -3.9028391e-01   4.2031929e-02   3.4027703e-03
   7.2098054e-01   9.3281104e-01   1.0000000e+00  -4.7123252e-01   4.1983547e-02   3.1545302e-03
   7.5838828e-01   9.1375115e-01   1.0000000e+00  -5.4632332e-01   4.2094509e-02   3.0738190e-03
   7.9435553e-01   8.9188098e-01   1.0000000e+00  -6.1781902e-01   4.1469359e-02   3.2562313e-03
   8.2815902e-01   8.6785949e-01   1.0000000e+00  -6.9375883e-01   4.0641267e-02   3.4806718e-03
   8.5940597e-01   8.4187218e-01   1.0000000e+00  -7.7466823e-01   3.9500031e-02   3.8723275e-03
   8.8763479e-01   8.1424273e-01   1.0000000e+00  -8.6703596e-01   3.8202664e-02   3.6196097e-03
   9.1235533e-01   7.8511648e-01   1.0000000e+00  -9.5733554e-01   3.7106648e-02   3.9707206e-03
   9.3371765e-01   7.5477583e-01   1.0000000e+00  -1.0597315e+00   3.5953438e-02   4.6413352e-03
   9.5130270e-01   7.2341638e-01   1.0000000e+00  -1.1811968e+00   3.4381673e-02   5.4744686e-03
   9.6436148e-01   6.9161122e-01   1.0000000e+00  -1.3345866e+00   3.2913039e-02   5.7437247e-03
   9.7206376e-01   6.5961212e-01   1.0000000e+00  -1.5075639e+00   3.2152952e-02   9.5644059e-02
   9.7409552e-01   6.2752342e-01   1.0000000e+00   1.4670667e+00   3.1737258e-02   5.2090617e-03
   9.7080933e-01   5.9595675e-01   1.0000000e+00   1.3032665e+00   3.2067675e-02   5.0724750e-03
   9.6233224e-01   5.6502983e-01   1.0000000e+00   1.1526080e+00   3.3613271e-02   4.9936959e-03
   9.4868170e-01   5.3431314e-01   1.0000000e+00   1.0152581e+00   3.5516515e-02   4.9115705e-03
   9.2995027e-01   5.0413772e-01   1.0000000e+00   8.9695202e-01   3.8059789e-02   4.6994074e-03
   9.0620116e-01   4.7439671e-01   1.0000000e+00   7.9576324e-01   4.0752837e-02   3.9759001e-02
   8.7768478e-01   4.4528297e-01   1.0000000e+00   3.5007801e-01   7.6120702e-02   4.3643729e-03
   8.0618111e-01   4.1917577e-01   1.0000000e+00   2.9432109e-01   7.5103821e-02   4.2246381e-03
   7.3430680e-01   3.9738889e-01   1.0000000e+00   2.4374694e-01   7.3254390e-02   4.5222531e-03
   6.6321778e-01   3.7970964e-01   1.0000000e+00   1.9304257e-01   7.0674736e-02   4.8461735e-03
   5.9385582e-01   3.6615098e-01   1.0000000e+00   1.4213213e-01   6.7428322e-02   4.8501910e-03
   5.2710743e-01   3.5659949e-01   1.0000000e+00   8.8002651e-02   6.4234128e-02   4.8802784e-03
   4.6312187e-01   3.5095401e-01   1.0000000e+00   3.0471678e-02   6.1046534e-02   5.4518110e-03
   4.0210368e-01   3.4909410e-01   1.0000000e+00  -3.9607913e-02   5.7667190e-02   6.0422172e-03
   3.4448171e-01   3.5137758e-01   1.0000000e+00  -1.1203986e-01   5.3301242e-02   6.7029736e-03
   2.9151466e-01   3.5733696e-01   1.0000000e+00  -2.0395802e-01   4.8726725e-02   7.1211082e-03
   2.4379792e-01   3.6720641e-01   1.0000000e+00  -3.0963443e-01   4.3807859e-02   7.9584466e-02
   2.0207334e-01   3.8055512e-01   1.0000000e+00   1.3816616e+00   1.4755246e-02   3.1011913e-03
   2.0484746e-01   3.9504724e-01   1.0000000e+00   1.1828615e+00   1.5761666e-02   3.7250870e-03
   2.1080975e-01   4.0963769e-01   1.0000000e+00   9.9037147e-01   1.7922994e-02   4.1668231e-03
   2.2063834e-01   4.2462543e-01   1.0000000e+00   8.2954668e-01   2.0931952e-02   4.3706204e-03
   2.3477181e-01   4.4006537e-01   1.0000000e+00   6.9314166e-01   2.4241034e-02   4.5449006e-03
   2.5341904e-01   4.5555435e-01   1.0000000e+00   5.8346332e-01   2.7927136e-02   4.8477080e-03
   2.7672591e-01   4.7093990e-01   1.0000000e+00   4.9182658e-01   3.2044297e-02   4.7527289e-03
   3.0497205e-01   4.8607240e-01   1.0000000e+00   4.0593509e-01   3.5918971e-02   4.0865617e-03
   3.3797201e-01   5.0025601e-01   1.0000000e+00   3.4249012e-01   3.9311124e-02   3.6636076e-03
   3.7500000e-01   5.1345801e-01   1.0000000e+00   2.8311817e-01   4.2135052e-02   3.1604999e-03
   4.1545761e-01   5.2522848e-01   1.0000000e+00   2.4057972e-01   4.4738166e-02   2.9584668e-03
   4.5890732e-01   5.3588805e-01   1.0000000e+00   1.8417413e-01   4.6282369e-02   2.6246553e-03
   5.0440695e-01   5.4436396e-01   1.0000000e+00   1.2754372e-01   4.6421037e-02   3.1080851e-03
   5.5045093e-01   5.5026863e-01   1.0000000e+00   6.5440294e-02   4.5259552e-02   3.7887407e-03
   5.9561360e-01   5.5322831e-01   1.0000000e+00  -1.0735125e-02   4.3688514e-02   3.9042479e-03
   6.3929960e-01   5.5275932e-01   1.0000000e+00  -7.7990416e-02   4.1117592e-02   4.0902054e-03
   6.8029221e-01   5.4955579e-01   1.0000000e+00  -1.5757026e-01   3.8663425e-02   5.0048216e-03
   7.1847665e-01   5.4348876e-01   1.0000000e+00  -2.5678916e-01   3.5449043e-02   4.6118971e-03
   7.5276333e-01   5.3448555e-01   1.0000000e+00  -3.5661014e-01   3.2491307e-02   4.6654896e-03
   7.8321047e-01   5.2314284e-01   1.0000000e+00  -4.7172697e-01   2.9702584e-02   4.3693537e-03
   8.0966908e-01   5.0964524e-01   1.0000000e+00  -5.9443383e-01   2.7292743e-02   4.4569492e-03
   8.3228018e-01   4.9436022e-01   1.0000000e+00  -7.4669523e-01   2.5681803e-02   3.5386268e-03
   8.5112902e-01   4.7691670e-01   1.0000000e+00  -8.7255083e-01   2.4241397e-02   2.9451172e-03
   8.6671320e-01   4.5834848e-01   1.0000000e+00  -9.8927532e-01   2.3424526e-02   2.7726670e-03
   8.7958019e-01   4.3877429e-01   1.0000000e+00  -1.1076413e+00   2.3422675e-02   2.6411592e-03
   8.9004481e-01   4.1781926e-01   1.0000000e+00  -1.2203137e+00   2.3318147e-02   3.4721689e-03
   8.9805112e-01   3.9591869e-01   1.0000000e+00  -1.3660301e+00   2.4032753e-02   3.5348953e-03
   9.0293790e-01   3.7238801e-01   1.0000000e+00  -1.5102899e+00   2.4722446e-02   7.4806027e-02
   9.0443285e-01   3.4771081e-01   1.0000000e+00   1.5152889e+00   2.5694784e-02   3.2511552e-03
   9.0300733e-01   3.2205560e-01   1.0000000e+00   1.3954935e+00   2.6741303e-02   3.0351753e-03
   8.9834348e-01   2.9572414e-01   1.0000000e+00   1.2879547e+00   2.7712121e-02   2.3963166e-03
   8.9060943e-01   2.6911312e-01   1.0000000e+00   1.2090161e+00   2.8690348e-02   3.1885278e-03
   8.8045477e-01   2.4227995e-01   1.0000000e+00   1.1020471e+00   2.9555266e-02   3.0892338e-03
   8.6710257e-01   2.1591269e-01   1.0000000e+00   1.0039919e+00   3.0625165e-02   3.1044854e-03
   8.5065872e-01   1.9007666e-01   1.0000000e+00   9.0800358e-01   3.1623287e-02   3.6401873e-03
   8.3120026e-01   1.6514875e-01   1.0000000e+00   7.9737303e-01   3.2628996e-02   4.0182322e-03
   8.0840601e-01   1.4180194e-01   1.0000000e+00   6.8566937e-01   3.4320676e-02   3.5310773e-03
   7.8184196e-01   1.2007039e-01   1.0000000e+00   5.8867006e-01   3.5497842e-02   3.2887983e-03
   7.5231912e-01   1.0036002e-01   1.0000000e+00   5.0531589e-01   3.6933511e-02   3.1166111e-03
   7.2000150e-01   8.2481106e-02   1.0000000e+00   4.2789192e-01   3.8172987e-02   3.0658725e-03
   6.8527010e-01   6.6641083e-02   1.0000000e+00   3.5443190e-01   3.9412383e-02   2.6691331e-03
   6.4830744e-01   5.2962715e-02   1.0000000e+00   2.9363940e-01   4.0588633e-02   2.8385032e-03
   6.0945612e-01   4.1214832e-02   1.0000000e+00   2.3181135e-01   4.1915068e-02   1.7107935e-03
   5.6866221e-01   3.1585230e-02   1.0000000e+00   1.9111612e-01   4.1783714e-02   1.7687659e-03
   5.2763926e-01   2.3648212e-02   1.0000000e+00   1.5040822e-01   4.1298555e-02   1.8473319e-03
   4.8680696e-01   1.7459964e-02   1.0000000e+00   1.1217786e-01   4.0339472e-02   2.2490318e-03
   4.4672104e-01   1.2944254e-02   1.0000000e+00   8.0383062e-02   3.8492009e-02   3.1376620e-03
   4.0835332e-01   9.8534790e-03   1.0000000e+00   4.7961350e-02   3.5613211e-02   4.1429041e-03
   3.7278106e-01   8.1460760e-03   1.0000000e+00   6.9786116e-03   3.1735914e-02   4.4486688e-03
   3.4104592e-01   7.9246052e-03   1.0000000e+00  -2.5589167e-02   2.7408976e-02   4.3697502e-03
   3.1364592e-01   8.6259016e-03   1.0000000e+00  -6.1400418e-02   2.3150892e-02   3.7159580e-03
   2.9053865e-01   1.0046483e-02   1.0000000e+00  -7.1376893e-02   2.6859666e-02   7.9713330e-03
   2.6374737e-01   1.1962015e-02   1.0000000e+00  -1.7003742e-01   1.9341707e-02   7.7818532e-03
   2.4468461e-01   1.5235004e-02   1.0000000e+00  -3.5798887e-01   1.2461167e-02   8.7431192e-03
