   8.1300839e-03   8.2316625e-01   1.0000000e+00   1.0000000e-02   0.0000000e+00   4.5329032e-03
   8.1300839e-03   8.2316625e-01   1.0000000e+00  -7.7069251e-01   4.5329032e-03   3.8098054e-03
   4.8780504e-03   8.2632402e-01   1.0000000e+00  -1.3754108e+00   7.1788109e-03   2.0277748e-02
   3.4843217e-03   8.3336624e-01   1.0000000e+00   1.4290713e+00   9.5986393e-03   7.6657775e-03
   4.8401399e-03   8.4286864e-01   1.0000000e+00   8.5388143e-01   1.4916747e-02   2.2128693e-03
   1.4641369e-02   8.5411342e-01   1.0000000e+00   7.9960758e-01   1.2857291e-02   3.3927074e-03
   2.3602749e-02   8.6333316e-01   1.0000000e+00   7.0543379e-01   1.6026578e-02   3.9500767e-03
   3.5804270e-02   8.7372422e-01   1.0000000e+00   6.3182539e-01   1.9796384e-02   5.5265147e-03
   5.1778976e-02   8.8541634e-01   1.0000000e+00   5.1701065e-01   2.4833865e-02   5.5229382e-03
   7.3367071e-02   8.9769131e-01   1.0000000e+00   4.6623090e-01   3.0210907e-02   4.9568498e-03
   1.0035354e-01   9.1127180e-01   1.0000000e+00   3.9128477e-01   3.4620419e-02   4.8319652e-03
   1.3235734e-01   9.2447521e-01   1.0000000e+00   3.2966453e-01   3.8955952e-02   4.8597551e-03
   1.6921555e-01   9.3708625e-01   1.0000000e+00   2.7703092e-01   4.3361983e-02   3.2819685e-03
   2.1092422e-01   9.4894580e-01   1.0000000e+00   2.3265996e-01   4.6020834e-02   3.5034253e-03
   2.5570509e-01   9.5955667e-01   1.0000000e+00   1.9131972e-01   4.8962676e-02   2.5155889e-03
   3.0377440e-01   9.6886715e-01   1.0000000e+00   1.5815539e-01   5.0883982e-02   2.6111281e-03
   3.5402332e-01   9.7688122e-01   1.0000000e+00   1.1783505e-01   5.2499124e-02   2.5536302e-03
   4.0615839e-01   9.8305315e-01   1.0000000e+00   7.3909556e-02   5.3596011e-02   2.6937964e-03
   4.5960808e-01   9.8701080e-01   1.0000000e+00   2.4649345e-02   5.4130934e-02   2.8845693e-03
   5.1372257e-01   9.8834496e-01   1.0000000e+00  -2.7083518e-02   5.3438987e-02   3.5417813e-03
   5.6714196e-01   9.8689782e-01   1.0000000e+00  -8.4781538e-02   5.1696193e-02   3.4738054e-03
   6.1865247e-01   9.8252018e-01   1.0000000e+00  -1.4395633e-01   5.0050241e-02   3.3223613e-03
   6.6818500e-01   9.7533999e-01   1.0000000e+00  -2.0224093e-01   4.8460187e-02   3.6364206e-03
   7.1565752e-01   9.6560603e-01   1.0000000e+00  -2.6645399e-01   4.6578592e-02   3.9603373e-03
   7.6059238e-01   9.5334132e-01   1.0000000e+00  -3.4186818e-01   4.4749574e-02   4.8590180e-03
   8.0275230e-01   9.3833913e-01   1.0000000e+00  -4.3197243e-01   4.2038116e-02   5.3342347e-03
   8.4092886e-01   9.2073933e-01   1.0000000e+00  -5.4566504e-01   3.9669324e-02   5.5183647e-03
   8.7483750e-01   9.0015148e-01   1.0000000e+00  -6.6779770e-01   3.7027525e-02   5.2908230e-03
   9.0391105e-01   8.7722188e-01   1.0000000e+00  -7.9755229e-01   3.4811748e-02   5.9119915e-03
   9.2822568e-01   8.5230890e-01   1.0000000e+00  -9.5541285e-01   3.2631794e-02   6.2818402e-03
   9.4706309e-01   8.2566334e-01   1.0000000e+00  -1.1402211e+00   3.0873078e-02   5.5226843e-03
   9.5994931e-01   7.9760818e-01   1.0000000e+00  -1.3169223e+00   3.0013053e-02   4.3051247e-03
   9.6748726e-01   7.6855714e-01   1.0000000e+00  -1.4603479e+00   2.9948520e-02   8.9850425e-02
   9.7078831e-01   7.3879110e-01   1.0000000e+00   1.5397921e+00   3.0296161e-02   3.7997529e-03
   9.6984915e-01   7.0850950e-01   1.0000000e+00   1.4150764e+00   3.0698353e-02   3.8850516e-03
   9.6508810e-01   6.7818259e-01   1.0000000e+00   1.2889522e+00   3.1018931e-02   3.8774704e-03
   9.5646088e-01   6.4838754e-01   1.0000000e+00   1.1656186e+00   3.1650566e-02   3.7157508e-03
   9.4398480e-01   6.1929965e-01   1.0000000e+00   1.0502542e+00   3.2339383e-02   3.1843676e-03
   9.2790079e-01   5.9124363e-01   1.0000000e+00   9.5445961e-01   3.3076249e-02   3.9718529e-03
   9.0878107e-01   5.6425336e-01   1.0000000e+00   8.4180198e-01   3.4451154e-02   3.3005475e-03
   8.8583247e-01   5.3855815e-01   1.0000000e+00   7.5278016e-01   3.5670872e-02   2.6619836e-03
   8.5980019e-01   5.1417103e-01   1.0000000e+00   6.8198313e-01   3.6512628e-02   3.1683636e-03
   8.3145455e-01   4.9115589e-01   1.0000000e+00   6.0745540e-01   3.8135459e-02   3.7891277e-03
   8.0014141e-01   4.6938893e-01   1.0000000e+00   5.2933386e-01   4.0476795e-02   3.9794433e-03
   7.6520412e-01   4.4894983e-01   1.0000000e+00   4.5174499e-01   4.2920751e-02   3.1371870e-03
   7.2658889e-01   4.3021337e-01   1.0000000e+00   3.9624704e-01   4.4962307e-02   2.9813487e-03
   6.8511044e-01   4.1285977e-01   1.0000000e+00   3.4182581e-01   4.6665569e-02   2.0772803e-03
   6.4114475e-01   3.9721711e-01   1.0000000e+00   2.9954832e-01   4.7315759e-02   1.9031661e-03
   5.9593597e-01   3.8325476e-01   1.0000000e+00   2.6025419e-01   4.6909190e-02   2.0139610e-03
   5.5060646e-01   3.7118380e-01   1.0000000e+00   2.2130977e-01   4.6061455e-02   2.5521586e-03
   5.0566841e-01   3.6107296e-01   1.0000000e+00   1.8788545e-01   4.4025962e-02   3.2589833e-03
   4.6241724e-01   3.5284970e-01   1.0000000e+00   1.4402671e-01   4.1400604e-02   3.1433480e-03
   4.2144530e-01   3.4690750e-01   1.0000000e+00   9.7084961e-02   3.8930023e-02   4.4389597e-03
   3.8269860e-01   3.4313392e-01   1.0000000e+00   4.3299103e-02   3.5015945e-02   4.3584185e-03
   3.4771547e-01   3.4161823e-01   1.0000000e+00  -2.0539593e-02   3.1274432e-02   4.6169671e-03
   3.1644764e-01   3.4226055e-01   1.0000000e+00  -9.1431495e-02   2.7224637e-02   4.2090830e-03
   2.8933672e-01   3.4474627e-01   1.0000000e+00  -1.8617009e-01   2.3898380e-02   4.0528998e-03
   2.6585129e-01   3.4916978e-01   1.0000000e+00  -2.9717530e-01   2.0834329e-02   3.2686463e-03
   2.4593019e-01   3.5527050e-01   1.0000000e+00  -4.1608568e-01   1.8702088e-02   3.1866909e-03
   2.2882380e-01   3.6282957e-01   1.0000000e+00  -5.5653392e-01   1.6897767e-02   2.9310432e-03
   2.1447605e-01   3.7175575e-01   1.0000000e+00  -7.1290547e-01   1.5629262e-02   2.6427122e-03
   2.0265307e-01   3.8197783e-01   1.0000000e+00  -8.7190138e-01   1.4729951e-02   1.9647121e-03
   1.9317623e-01   3.9325439e-01   1.0000000e+00  -9.9771229e-01   1.4077429e-02   2.5682006e-03
   1.8554308e-01   4.0508271e-01   1.0000000e+00  -1.1764178e+00   1.3560868e-02   2.5553996e-03
   1.8033253e-01   4.1760259e-01   1.0000000e+00  -1.3631109e+00   1.3213795e-02   3.8090909e-02
   1.7760790e-01   4.3053243e-01   1.0000000e+00   1.5195216e+00   1.3386973e-02   3.4798030e-03
   1.7829401e-01   4.4390181e-01   1.0000000e+00   1.2696575e+00   1.4346408e-02   3.6599907e-03
   1.8254927e-01   4.5760262e-01   1.0000000e+00   1.0454817e+00   1.6093441e-02   3.8932697e-03
   1.9061989e-01   4.7152612e-01   1.0000000e+00   8.4972426e-01   1.8380897e-02   4.3873926e-03
   2.0275478e-01   4.8533198e-01   1.0000000e+00   6.8101204e-01   2.1484525e-02   3.9472485e-03
   2.1944688e-01   4.9885820e-01   1.0000000e+00   5.6321882e-01   2.4513744e-02   3.9791022e-03
   2.4017426e-01   5.1194635e-01   1.0000000e+00   4.6443610e-01   2.7671184e-02   4.0900830e-03
   2.6491435e-01   5.2434079e-01   1.0000000e+00   3.8360752e-01   3.1095552e-02   4.5715314e-03
   2.9374989e-01   5.3597887e-01   1.0000000e+00   3.1432320e-01   3.5127588e-02   4.0226208e-03
   3.2715644e-01   5.4683936e-01   1.0000000e+00   2.5049642e-01   3.8467431e-02   2.6996276e-03
   3.6442328e-01   5.5637486e-01   1.0000000e+00   2.0480935e-01   4.0516653e-02   1.9008853e-03
   4.0409312e-01   5.6461516e-01   1.0000000e+00   1.6738620e-01   4.1663090e-02   2.3366810e-03
   4.4517391e-01   5.7155646e-01   1.0000000e+00   1.2198051e-01   4.3034729e-02   2.2535955e-03
   4.8788888e-01   5.7679285e-01   1.0000000e+00   7.0650367e-02   4.3480940e-02   2.2581771e-03
   5.3126135e-01   5.7986224e-01   1.0000000e+00   1.8725835e-02   4.3526000e-02   2.2810666e-03
   5.7477972e-01   5.8067726e-01   1.0000000e+00  -3.3666870e-02   4.3472746e-02   2.5221722e-03
   6.1822783e-01   5.7921394e-01   1.0000000e+00  -8.8566017e-02   4.2657018e-02   2.5905441e-03
   6.6071765e-01   5.7544092e-01   1.0000000e+00  -1.4378195e-01   4.1578473e-02   2.7992922e-03
   7.0186709e-01   5.6948326e-01   1.0000000e+00  -2.0604051e-01   4.0513060e-02   3.3060466e-03
   7.4152324e-01   5.6119486e-01   1.0000000e+00  -2.7521502e-01   3.8759178e-02   3.2806067e-03
   7.7882378e-01   5.5066191e-01   1.0000000e+00  -3.4870260e-01   3.7131461e-02   3.5021982e-03
   8.1372056e-01   5.3797487e-01   1.0000000e+00  -4.3534553e-01   3.5747570e-02   3.5834171e-03
   8.4613375e-01   5.2289928e-01   1.0000000e+00  -5.2987016e-01   3.4554648e-02   4.3608377e-03
   8.7595001e-01   5.0543462e-01   1.0000000e+00  -6.4458143e-01   3.2736645e-02   4.1093632e-03
   9.0211809e-01   4.8576435e-01   1.0000000e+00  -7.5969646e-01   3.1097918e-02   3.8312294e-03
   9.2466548e-01   4.6434717e-01   1.0000000e+00  -8.7556396e-01   2.9795999e-02   4.5827643e-03
   9.4375173e-01   4.4146668e-01   1.0000000e+00  -1.0213531e+00   2.8335872e-02   4.8273718e-03
   9.5854907e-01   4.1730141e-01   1.0000000e+00  -1.1877838e+00   2.7304725e-02   4.9791002e-03
   9.6875330e-01   3.9197510e-01   1.0000000e+00  -1.3694901e+00   2.6885748e-02   4.4701075e-03
   9.7412908e-01   3.6563228e-01   1.0000000e+00  -1.5356913e+00   2.6763853e-02   8.0035424e-02
   9.7506844e-01   3.3888492e-01   1.0000000e+00   1.4546990e+00   2.7175109e-02   4.5518992e-03
   9.7192056e-01   3.1189275e-01   1.0000000e+00   1.2891511e+00   2.7868459e-02   4.6008644e-03
   9.6417490e-01   2.8512232e-01   1.0000000e+00   1.1273354e+00   2.8780529e-02   4.4647260e-03
   9.5182609e-01   2.5912567e-01   1.0000000e+00   9.8076902e-01   3.0243432e-02   4.3169683e-03
   9.3499914e-01   2.3399563e-01   1.0000000e+00   8.4792000e-01   3.1822487e-02   4.7337005e-03
   9.1394715e-01   2.1013176e-01   1.0000000e+00   7.1986172e-01   3.4231058e-02   4.8065356e-03
   8.8820892e-01   1.8756388e-01   1.0000000e+00   6.0893682e-01   3.7178089e-02   5.0204546e-03
   8.5771335e-01   1.6629817e-01   1.0000000e+00   5.1286757e-01   4.0706280e-02   3.3945820e-03
   8.2224430e-01   1.4632450e-01   1.0000000e+00   4.4712064e-01   4.2794470e-02   3.2073958e-03
