   0.0000000e+00   8.7864861e-01   1.0000000e+00   1.2754310e+00   2.9362061e-03   3.6163253e-03
   8.5469829e-04   8.8145767e-01   1.0000000e+00   9.9981179e-01   6.4608171e-03   1.0859733e-02
   4.3465158e-03   8.8689360e-01   1.0000000e+00   6.2982731e-01   1.7054201e-02   8.2344766e-03
   1.8128514e-02   8.9693862e-01   1.0000000e+00   4.6595481e-01   2.4799921e-02   5.5407432e-03
   4.0284590e-02   9.0808063e-01   1.0000000e+00   3.7826313e-01   2.9896028e-02   4.2478929e-03
   6.8067192e-02   9.1912144e-01   1.0000000e+00   3.8752255e-01   2.5657165e-02   4.8966695e-03
   9.1821830e-02   9.2881717e-01   1.0000000e+00   3.4796095e-01   3.0447475e-02   5.2523622e-03
   1.2044459e-01   9.3919920e-01   1.0000000e+00   2.9054758e-01   3.5400401e-02   5.4092704e-03
   1.5436126e-01   9.4934060e-01   1.0000000e+00   2.5522234e-01   4.0663137e-02   4.2802555e-03
   1.9370720e-01   9.5960644e-01   1.0000000e+00   2.0028887e-01   4.4314283e-02   3.6695081e-03
   2.3713560e-01   9.6842287e-01   1.0000000e+00   1.5805845e-01   4.7470723e-02   3.5408728e-03
   2.8401459e-01   9.7589482e-01   1.0000000e+00   1.1301340e-01   5.0293020e-02   3.3299602e-03
   3.3398678e-01   9.8156651e-01   1.0000000e+00   6.5924736e-02   5.2633985e-02   3.2119029e-03
   3.8650643e-01   9.8503388e-01   1.0000000e+00   1.9408942e-02   5.4712949e-02   2.5666737e-03
   4.4120908e-01   9.8609574e-01   1.0000000e+00  -2.2684538e-02   5.5845970e-02   2.9910378e-03
   4.9704068e-01   9.8482900e-01   1.0000000e+00  -7.4612590e-02   5.6578409e-02   3.2792492e-03
   5.5346167e-01   9.8061146e-01   1.0000000e+00  -1.3096616e-01   5.5811850e-02   3.7701298e-03
   6.0879556e-01   9.7332287e-01   1.0000000e+00  -1.9079612e-01   5.4061570e-02   4.1154039e-03
   6.6187611e-01   9.6307060e-01   1.0000000e+00  -2.5513035e-01   5.1861570e-02   3.8447042e-03
   7.1205894e-01   9.4998222e-01   1.0000000e+00  -3.1729470e-01   4.9766825e-02   4.5518487e-03
   7.5934155e-01   9.3445510e-01   1.0000000e+00  -3.9356573e-01   4.7254560e-02   5.1196951e-03
   8.0298338e-01   9.1633373e-01   1.0000000e+00  -4.8384590e-01   4.4424145e-02   5.5597236e-03
   8.4230819e-01   8.9566819e-01   1.0000000e+00  -5.8641502e-01   4.1238487e-02   5.6870030e-03
   8.7665695e-01   8.7284770e-01   1.0000000e+00  -7.0087726e-01   3.8066540e-02   5.5358961e-03
   9.0575032e-01   8.4829903e-01   1.0000000e+00  -8.2727360e-01   3.5328678e-02   4.8520276e-03
   9.2966378e-01   8.2229399e-01   1.0000000e+00  -9.5469608e-01   3.3518384e-02   4.6387099e-03
   9.4903261e-01   7.9493836e-01   1.0000000e+00  -1.0832642e+00   3.1801774e-02   4.3888189e-03
   9.6393005e-01   7.6684176e-01   1.0000000e+00  -1.2179961e+00   3.0851542e-02   4.6143526e-03
   9.7459009e-01   7.3789040e-01   1.0000000e+00  -1.3652050e+00   3.0035490e-02   4.4381072e-03
   9.8072172e-01   7.0848744e-01   1.0000000e+00  -1.5129363e+00   3.0126096e-02   8.9764076e-02
   9.8246385e-01   6.7841176e-01   1.0000000e+00   1.4666230e+00   3.0660034e-02   4.4538763e-03
   9.7927566e-01   6.4791794e-01   1.0000000e+00   1.3249071e+00   3.1638744e-02   4.6981121e-03
   9.7157419e-01   6.1723085e-01   1.0000000e+00   1.1830238e+00   3.3024762e-02   4.7803870e-03
   9.5908663e-01   5.8665805e-01   1.0000000e+00   1.0506134e+00   3.4956218e-02   4.9534235e-03
   9.4171203e-01   5.5632556e-01   1.0000000e+00   9.2609242e-01   3.7320472e-02   4.3373639e-03
   9.1928385e-01   5.2649613e-01   1.0000000e+00   8.2682296e-01   3.9575978e-02   4.8700745e-03
   8.9248234e-01   4.9737678e-01   1.0000000e+00   7.2657327e-01   4.2400288e-02   4.4925417e-03
   8.6079002e-01   4.6920975e-01   1.0000000e+00   6.4388584e-01   4.5209398e-02   4.0683354e-03
   8.2463294e-01   4.4207020e-01   1.0000000e+00   5.6283344e-01   4.6976893e-02   2.8925149e-03
   7.8490239e-01   4.1700405e-01   1.0000000e+00   5.0544857e-01   4.8025466e-02   3.2177072e-03
   7.4288216e-01   3.9375012e-01   1.0000000e+00   4.4005025e-01   4.8724830e-02   2.8908915e-03
   6.9879933e-01   3.7299408e-01   1.0000000e+00   3.8115239e-01   4.9073499e-02   2.7876284e-03
   6.5324751e-01   3.5473920e-01   1.0000000e+00   3.2484939e-01   4.8703656e-02   2.8282313e-03
   6.0709111e-01   3.3919465e-01   1.0000000e+00   2.7852657e-01   4.6998093e-02   3.6600024e-03
   5.6190425e-01   3.2627303e-01   1.0000000e+00   2.2490563e-01   4.4343887e-02   4.0159099e-03
   5.1867716e-01   3.1638370e-01   1.0000000e+00   1.6951376e-01   4.1166755e-02   3.7935549e-03
   4.7810045e-01   3.0943874e-01   1.0000000e+00   1.0376371e-01   3.8508797e-02   4.5039450e-03
   4.3979878e-01   3.0545010e-01   1.0000000e+00   3.6194330e-02   3.4832516e-02   4.5366635e-03
   4.0498908e-01   3.0418963e-01   1.0000000e+00  -4.6963718e-02   3.1340955e-02   4.2795040e-03
   3.7368268e-01   3.0566098e-01   1.0000000e+00  -1.2889573e-01   2.7917446e-02   4.3094485e-03
   3.4599682e-01   3.0924946e-01   1.0000000e+00  -2.3856226e-01   2.4884643e-02   3.6137545e-03
   3.2181695e-01   3.1512985e-01   1.0000000e+00  -3.4264788e-01   2.2364637e-02   3.8213040e-03
   3.0075240e-01   3.2264397e-01   1.0000000e+00  -4.6781924e-01   1.9763549e-02   3.7558356e-03
   2.8311237e-01   3.3155616e-01   1.0000000e+00  -6.1574194e-01   1.7405673e-02   3.0174447e-03
   2.6890333e-01   3.4160906e-01   1.0000000e+00  -7.6989911e-01   1.6025325e-02   2.3945883e-03
   2.5739746e-01   3.5276369e-01   1.0000000e+00  -9.0615072e-01   1.5042225e-02   2.1568289e-03
   2.4811971e-01   3.6460396e-01   1.0000000e+00  -1.0403820e+00   1.4283939e-02   2.4971871e-03
   2.4089360e-01   3.7692525e-01   1.0000000e+00  -1.1993373e+00   1.3244356e-02   2.2209361e-03
   2.3608622e-01   3.8926632e-01   1.0000000e+00  -1.3600659e+00   1.2611113e-02   2.3078667e-03
   2.3344830e-01   4.0159846e-01   1.0000000e+00  -1.5398306e+00   1.2178896e-02   3.5985252e-02
   2.3307123e-01   4.1377152e-01   1.0000000e+00   1.4148915e+00   1.2186093e-02   2.7482057e-03
   2.3496342e-01   4.2580981e-01   1.0000000e+00   1.1896703e+00   1.2327485e-02   2.7734556e-03
   2.3954882e-01   4.3725275e-01   1.0000000e+00   9.7762658e-01   1.3254436e-02   2.6751804e-03
   2.4695795e-01   4.4824297e-01   1.0000000e+00   8.0356608e-01   1.4608689e-02   2.6638266e-03
   2.5709848e-01   4.5875883e-01   1.0000000e+00   6.6769490e-01   1.6385243e-02   2.7895177e-03
   2.6996501e-01   4.6890421e-01   1.0000000e+00   5.5530486e-01   1.8480511e-02   3.1112969e-03
   2.8566864e-01   4.7864718e-01   1.0000000e+00   4.4929221e-01   2.0897498e-02   3.3549002e-03
   3.0449216e-01   4.8772355e-01   1.0000000e+00   3.6725758e-01   2.3781327e-02   3.0339186e-03
   3.2668764e-01   4.9626241e-01   1.0000000e+00   3.1075441e-01   2.6501452e-02   2.6007213e-03
   3.5191976e-01   5.0436594e-01   1.0000000e+00   2.6419185e-01   2.8790787e-02   2.2285827e-03
   3.7971161e-01   5.1188406e-01   1.0000000e+00   2.1792923e-01   3.0577551e-02   2.3179122e-03
   4.0956592e-01   5.1849518e-01   1.0000000e+00   1.7042968e-01   3.2383982e-02   1.4013244e-03
   4.4148072e-01   5.2398769e-01   1.0000000e+00   1.4146495e-01   3.3425077e-02   1.0896583e-03
   4.7457190e-01   5.2870041e-01   1.0000000e+00   1.1781936e-01   3.4175205e-02   1.3943917e-03
   5.0851018e-01   5.3271760e-01   1.0000000e+00   8.3058239e-02   3.4905314e-02   1.4670312e-03
   5.4329516e-01   5.3561344e-01   1.0000000e+00   4.1189429e-02   3.5033229e-02   1.6598328e-03
   5.7829868e-01   5.3705603e-01   1.0000000e+00  -4.9013489e-03   3.4648833e-02   1.8519066e-03
   6.1294709e-01   5.3688621e-01   1.0000000e+00  -5.5347637e-02   3.4036961e-02   2.2144935e-03
   6.4693194e-01   5.3500330e-01   1.0000000e+00  -1.1672248e-01   3.3302111e-02   3.7188420e-03
   6.8000745e-01   5.3112502e-01   1.0000000e+00  -2.1643775e-01   3.4976191e-02   2.9714154e-03
   7.1416760e-01   5.2361382e-01   1.0000000e+00  -2.9857401e-01   3.4217079e-02   2.5596520e-03
   7.4687081e-01   5.1354860e-01   1.0000000e+00  -3.7106941e-01   3.3585780e-02   2.5408044e-03
   7.7817074e-01   5.0136999e-01   1.0000000e+00  -4.4550311e-01   3.3131779e-02   2.9776672e-03
   8.0806866e-01   4.8709311e-01   1.0000000e+00  -5.3523327e-01   3.2963700e-02   3.1248930e-03
   8.3642238e-01   4.7028025e-01   1.0000000e+00  -6.2999005e-01   3.2871553e-02   3.8945146e-03
   8.6298369e-01   4.5091441e-01   1.0000000e+00  -7.4672897e-01   3.2206959e-02   3.6266723e-03
   8.8662085e-01   4.2903810e-01   1.0000000e+00  -8.5764923e-01   3.1581915e-02   3.2069922e-03
   9.0728228e-01   4.0515248e-01   1.0000000e+00  -9.5916418e-01   3.1660209e-02   3.2422503e-03
   9.2546171e-01   3.7923189e-01   1.0000000e+00  -1.0601940e+00   3.1130137e-02   4.0668242e-03
   9.4067510e-01   3.5207239e-01   1.0000000e+00  -1.1878812e+00   3.0270446e-02   6.3567835e-03
   9.5198492e-01   3.2399415e-01   1.0000000e+00  -1.3782444e+00   2.7586477e-02   3.1722560e-03
   9.5726399e-01   2.9691750e-01   1.0000000e+00  -1.4867686e+00   2.6537492e-02   8.0178974e-02
   9.5949125e-01   2.7047363e-01   1.0000000e+00   1.5344528e+00   2.5806318e-02   4.2105338e-03
   9.5855357e-01   2.4468436e-01   1.0000000e+00   1.3717673e+00   2.5485758e-02   4.5886471e-03
   9.5351458e-01   2.1970171e-01   1.0000000e+00   1.1917459e+00   2.5407644e-02   4.1468539e-03
   9.4411278e-01   1.9609759e-01   1.0000000e+00   1.0307150e+00   2.6083440e-02   3.4937177e-03
   9.3070052e-01   1.7372669e-01   1.0000000e+00   8.9713694e-01   2.6341491e-02   4.2262124e-03
   9.1426738e-01   1.5313966e-01   1.0000000e+00   7.4804362e-01   2.7902539e-02   4.2428935e-03
   8.9381423e-01   1.3416018e-01   1.0000000e+00   6.0998727e-01   2.9681104e-02   3.7440480e-03
   8.6948596e-01   1.1715716e-01   1.0000000e+00   5.0709118e-01   3.1846873e-02   3.0775216e-03
   8.4164667e-01   1.0169115e-01   1.0000000e+00   4.3112768e-01   3.3749138e-02   2.6467164e-03
   8.1098574e-01   8.7587536e-02   1.0000000e+00   3.6575280e-01   3.5211036e-02   2.5362394e-03
   7.7810375e-01   7.4994224e-02   1.0000000e+00   3.1582677e-01   3.7039186e-02   1.7273205e-03
   7.4289653e-01   6.3489762e-02   1.0000000e+00   2.8301953e-01   3.8266800e-02   1.0346623e-03
