   0.0000000e+00   8.8406019e-01   1.0000000e+00   1.1948919e+00   2.2417704e-03   3.9305627e-03
   8.2298528e-04   8.8614543e-01   1.0000000e+00   8.2821001e-01   6.0854160e-03   9.3767277e-03
   4.9379166e-03   8.9062869e-01   1.0000000e+00   6.0826700e-01   1.5366126e-02   5.8559789e-03
   1.7547968e-02   8.9940961e-01   1.0000000e+00   4.7864680e-01   2.0872975e-02   4.1900036e-03
   3.6075217e-02   9.0902325e-01   1.0000000e+00   4.2225291e-01   2.4894237e-02   3.5499719e-03
   5.8782942e-02   9.1922532e-01   1.0000000e+00   4.2076200e-01   2.1344459e-02   3.9318640e-03
   7.8265694e-02   9.2794359e-01   1.0000000e+00   3.8057683e-01   2.5181626e-02   3.8059094e-03
   1.0164559e-01   9.3729746e-01   1.0000000e+00   3.3351067e-01   2.8798288e-02   4.3161732e-03
   1.2885706e-01   9.4672494e-01   1.0000000e+00   3.0008428e-01   3.3005746e-02   2.6825798e-03
   1.6038783e-01   9.5648146e-01   1.0000000e+00   2.5008057e-01   3.5120547e-02   2.6596947e-03
   1.9441586e-01   9.6517316e-01   1.0000000e+00   2.0696384e-01   3.7307079e-02   1.9497896e-03
   2.3092679e-01   9.7283937e-01   1.0000000e+00   1.7109892e-01   3.8725315e-02   1.6367148e-03
   2.6908664e-01   9.7943295e-01   1.0000000e+00   1.4231004e-01   3.9923617e-02   1.4440347e-03
   3.0860667e-01   9.8509533e-01   1.0000000e+00   1.1212965e-01   4.0719498e-02   1.6372695e-03
   3.4907045e-01   9.8965163e-01   1.0000000e+00   7.1921493e-02   4.0726214e-02   1.6690448e-03
   3.8969138e-01   9.9257819e-01   1.0000000e+00   3.1814479e-02   4.0383150e-02   1.7995707e-03
   4.3005410e-01   9.9386274e-01   1.0000000e+00  -1.1483965e-02   3.9957585e-02   2.0710843e-03
   4.7000905e-01   9.9340388e-01   1.0000000e+00  -5.4791968e-02   3.8819684e-02   2.3135119e-03
   5.0877047e-01   9.9127794e-01   1.0000000e+00  -1.0275989e-01   3.7446760e-02   2.5353446e-03
   5.4601970e-01   9.8743668e-01   1.0000000e+00  -1.5248794e-01   3.5726192e-02   2.2057653e-03
   5.8133133e-01   9.8200996e-01   1.0000000e+00  -2.0525694e-01   3.4581077e-02   2.2859650e-03
   6.1518650e-01   9.7496169e-01   1.0000000e+00  -2.5933990e-01   3.3266614e-02   2.4812105e-03
   6.4734066e-01   9.6643071e-01   1.0000000e+00  -3.2279260e-01   3.1962509e-02   2.8073988e-03
   6.7765241e-01   9.5629169e-01   1.0000000e+00  -4.0230927e-01   3.0770032e-02   2.5819134e-03
   7.0596574e-01   9.4424386e-01   1.0000000e+00  -4.8426609e-01   3.0216200e-02   1.9622245e-03
   7.3270759e-01   9.3017643e-01   1.0000000e+00  -5.4902683e-01   3.0361689e-02   2.1421947e-03
   7.5860711e-01   9.1433197e-01   1.0000000e+00  -6.1947421e-01   3.0242949e-02   2.4579709e-03
   7.8323043e-01   8.9677269e-01   1.0000000e+00  -7.0063404e-01   3.0112608e-02   2.5912654e-03
   8.0624951e-01   8.7735902e-01   1.0000000e+00  -7.8668649e-01   3.0109815e-02   2.9982867e-03
   8.2751292e-01   8.5604075e-01   1.0000000e+00  -8.8618557e-01   3.0229455e-02   3.1590153e-03
   8.4662917e-01   8.3262304e-01   1.0000000e+00  -9.9057161e-01   3.0377743e-02   3.1740846e-03
   8.6328261e-01   8.0721694e-01   1.0000000e+00  -1.0947076e+00   3.0637761e-02   3.9150600e-03
   8.7732409e-01   7.7998627e-01   1.0000000e+00  -1.2224224e+00   3.0507631e-02   4.1064982e-03
   8.8773847e-01   7.5131126e-01   1.0000000e+00  -1.3570248e+00   3.0536391e-02   3.9350240e-03
   8.9421668e-01   7.2146995e-01   1.0000000e+00  -1.4848810e+00   3.1027412e-02   9.3268091e-02
   8.9687913e-01   6.9055698e-01   1.0000000e+00   1.5210924e+00   3.1337058e-02   4.8206508e-03
   8.9532220e-01   6.5925862e-01   1.0000000e+00   1.3679618e+00   3.1796951e-02   4.7505772e-03
   8.8891681e-01   6.2811353e-01   1.0000000e+00   1.2226160e+00   3.2896601e-02   4.9775177e-03
   8.7769289e-01   5.9719088e-01   1.0000000e+00   1.0750281e+00   3.3993545e-02   5.4133919e-03
   8.6152191e-01   5.6729004e-01   1.0000000e+00   9.2375202e-01   3.5684829e-02   4.8161924e-03
   8.4000999e-01   5.3881822e-01   1.0000000e+00   7.9821241e-01   3.7453040e-02   5.1231733e-03
   8.1386822e-01   5.1199774e-01   1.0000000e+00   6.7846275e-01   3.9929283e-02   4.9745900e-03
   7.8278174e-01   4.8693824e-01   1.0000000e+00   5.7263287e-01   4.2554147e-02   4.0996068e-03
   7.4701595e-01   4.6388042e-01   1.0000000e+00   4.9192811e-01   4.4792942e-02   2.9225420e-03
   7.0753438e-01   4.4272353e-01   1.0000000e+00   4.3318532e-01   4.6064835e-02   3.0420367e-03
   6.6572440e-01   4.2338717e-01   1.0000000e+00   3.7013944e-01   4.6970164e-02   2.5325583e-03
   6.2193521e-01   4.0639593e-01   1.0000000e+00   3.1823025e-01   4.7655083e-02   2.1084944e-03
   5.7667285e-01   3.9148531e-01   1.0000000e+00   2.7411954e-01   4.7490989e-02   2.2336902e-03
   5.3095499e-01   3.7862953e-01   1.0000000e+00   2.3302907e-01   4.6404111e-02   2.1717633e-03
   4.8580512e-01   3.6791362e-01   1.0000000e+00   1.9973297e-01   4.4877907e-02   3.2374770e-03
   4.4181941e-01   3.5900951e-01   1.0000000e+00   1.6814726e-01   4.1967246e-02   3.3894611e-03
   4.0044404e-01   3.5198603e-01   1.0000000e+00   1.2785308e-01   3.9029757e-02   4.5047519e-03
   3.6173285e-01   3.4700954e-01   1.0000000e+00   8.1640762e-02   3.4901850e-02   4.2066459e-03
   3.2694725e-01   3.4416329e-01   1.0000000e+00   2.8390764e-02   3.1128024e-02   4.7708218e-03
   2.9583177e-01   3.4327966e-01   1.0000000e+00  -4.4242723e-02   2.6926964e-02   4.2508672e-03
   2.6893116e-01   3.4447060e-01   1.0000000e+00  -1.3733038e-01   2.3493745e-02   4.1285516e-03
   2.4565861e-01   3.4768687e-01   1.0000000e+00  -2.4558342e-01   2.0241559e-02   4.4513518e-03
   2.2602438e-01   3.5260805e-01   1.0000000e+00  -4.0402626e-01   1.7154675e-02   3.7229860e-03
   2.1025090e-01   3.5935195e-01   1.0000000e+00  -5.7767380e-01   1.4921521e-02   3.3218019e-03
   1.9775062e-01   3.6750025e-01   1.0000000e+00  -7.8500619e-01   1.3711853e-02   2.8643242e-03
   1.8805108e-01   3.7719219e-01   1.0000000e+00  -9.9129778e-01   1.3261133e-02   3.2201784e-03
   1.8078922e-01   3.8828828e-01   1.0000000e+00  -1.2331192e+00   1.2968196e-02   3.3336190e-03
   1.7649291e-01   4.0052412e-01   1.0000000e+00  -1.4873659e+00   1.3460147e-02   3.8675625e-02
   1.7537122e-01   4.1393744e-01   1.0000000e+00   1.3852009e+00   1.4359317e-02   3.6032652e-03
   1.7802097e-01   4.2805016e-01   1.0000000e+00   1.1613227e+00   1.5986887e-02   3.5210159e-03
   1.8438578e-01   4.4271542e-01   1.0000000e+00   9.7135082e-01   1.7768410e-02   3.5963529e-03
   1.9441044e-01   4.5738588e-01   1.0000000e+00   8.1137398e-01   1.9971534e-02   3.7777279e-03
   2.0816090e-01   4.7186992e-01   1.0000000e+00   6.7638381e-01   2.2617856e-02   4.1673561e-03
   2.2579924e-01   4.8602818e-01   1.0000000e+00   5.5185110e-01   2.5689219e-02   4.5707962e-03
   2.4767503e-01   4.9949612e-01   1.0000000e+00   4.5093021e-01   2.9453620e-02   5.3581382e-03
   2.7418453e-01   5.1233209e-01   1.0000000e+00   3.5293504e-01   3.3967913e-02   5.5255212e-03
   3.0605874e-01   5.2407322e-01   1.0000000e+00   2.6863878e-01   3.8693641e-02   4.7580105e-03
   3.4336456e-01   5.3434326e-01   1.0000000e+00   2.0643983e-01   4.2798083e-02   3.7647943e-03
   3.8525390e-01   5.4311586e-01   1.0000000e+00   1.4967275e-01   4.5674034e-02   3.0718049e-03
   4.3041730e-01   5.4992653e-01   1.0000000e+00   1.0131109e-01   4.7808717e-02   2.9881361e-03
   4.7798087e-01   5.5476180e-01   1.0000000e+00   4.7960133e-02   4.9365377e-02   2.7654850e-03
   5.2728949e-01   5.5712846e-01   1.0000000e+00   6.6095979e-04   5.0847252e-02   2.8640258e-03
   5.7813673e-01   5.5716207e-01   1.0000000e+00  -5.5289569e-02   5.1177424e-02   2.7033707e-03
   6.2923595e-01   5.5433393e-01   1.0000000e+00  -1.0792998e-01   5.0952535e-02   3.2314473e-03
   6.7989200e-01   5.4884530e-01   1.0000000e+00  -1.6434864e-01   4.9476561e-02   3.6419591e-03
   7.2870187e-01   5.4075045e-01   1.0000000e+00  -2.2921687e-01   4.7755151e-02   4.9355091e-03
   7.7520797e-01   5.2989976e-01   1.0000000e+00  -3.1234920e-01   4.4822853e-02   5.3451135e-03
   8.1786204e-01   5.1612593e-01   1.0000000e+00  -4.0532285e-01   4.1475693e-02   6.0966254e-03
   8.5597717e-01   4.9977142e-01   1.0000000e+00  -5.2408486e-01   3.7883206e-02   5.5992421e-03
   8.8877578e-01   4.8081387e-01   1.0000000e+00  -6.5295681e-01   3.5141531e-02   6.1437646e-03
   9.1668838e-01   4.5946407e-01   1.0000000e+00  -8.1013632e-01   3.2451462e-02   6.4684680e-03
   9.3906040e-01   4.3595684e-01   1.0000000e+00  -9.9255160e-01   2.9843989e-02   6.3746882e-03
   9.5537178e-01   4.1096479e-01   1.0000000e+00  -1.2006309e+00   2.8403997e-02   5.4907660e-03
   9.6564748e-01   3.8448466e-01   1.0000000e+00  -1.3914698e+00   2.7528921e-02   8.0900421e-02
   9.7055773e-01   3.5739720e-01   1.0000000e+00   1.5472711e+00   2.7433340e-02   5.2987504e-03
   9.6991242e-01   3.2997145e-01   1.0000000e+00   1.3564319e+00   2.8250528e-02   4.9494731e-03
   9.6390278e-01   3.0236752e-01   1.0000000e+00   1.1900005e+00   2.9796689e-02   4.7574395e-03
   9.5282856e-01   2.7470520e-01   1.0000000e+00   1.0415387e+00   3.1547222e-02   4.5956193e-03
   9.3690060e-01   2.4747420e-01   1.0000000e+00   9.0978767e-01   3.3507893e-02   4.6941354e-03
   9.1632966e-01   2.2102396e-01   1.0000000e+00   7.8942648e-01   3.5909854e-02   4.3959613e-03
   8.9104005e-01   1.9552978e-01   1.0000000e+00   6.9029622e-01   3.8489124e-02   3.9017765e-03
   8.6136273e-01   1.7102122e-01   1.0000000e+00   6.0522401e-01   4.0611024e-02   3.3346729e-03
   8.2796525e-01   1.4791573e-01   1.0000000e+00   5.3453041e-01   4.2307417e-02   3.3279990e-03
   7.9155938e-01   1.2636277e-01   1.0000000e+00   4.6606958e-01   4.3946453e-02   2.9446418e-03
   7.5230019e-01   1.0661417e-01   1.0000000e+00   4.0572240e-01   4.5226130e-02   2.1215522e-03
   7.1074563e-01   8.8764207e-02   1.0000000e+00   3.6147315e-01   4.5930470e-02   1.7556299e-03
   6.6778333e-01   7.2520778e-02   1.0000000e+00   3.2329237e-01   4.5847352e-02   2.0114469e-03
   6.2431112e-01   5.7955529e-02   1.0000000e+00   2.8001186e-01   4.5517982e-02   2.0379684e-03
   5.8056597e-01   4.5375859e-02   1.0000000e+00   2.4565218e-01   4.4211356e-02   2.6931750e-03
