   2.5773119e-03   8.6622077e-01   1.0000000e+00  -1.0962115e+00   1.8800042e-03   1.8811205e-04
   1.7182080e-03   8.6789300e-01   1.0000000e+00  -1.1962684e+00   1.8786790e-03   5.8513477e-03
   1.0309248e-03   8.6964145e-01   1.0000000e+00   1.2515882e+00   5.4966741e-03   7.7393586e-03
   2.7558622e-03   8.7486046e-01   1.0000000e+00   7.1775166e-01   1.2658197e-02   6.7189201e-03
   1.2291109e-02   8.8318566e-01   1.0000000e+00   5.4729304e-01   1.9021232e-02   3.2303613e-03
   2.8534029e-02   8.9308388e-01   1.0000000e+00   5.2642913e-01   1.5815341e-02   3.6807283e-03
   4.2208080e-02   9.0103029e-01   1.0000000e+00   4.8563975e-01   1.9439097e-02   5.0123551e-03
   5.9399561e-02   9.1010396e-01   1.0000000e+00   4.1414127e-01   2.4254902e-02   5.0802549e-03
   8.1604008e-02   9.1986423e-01   1.0000000e+00   3.7278615e-01   2.9235148e-02   5.3343529e-03
   1.0883118e-01   9.3051201e-01   1.0000000e+00   3.2999379e-01   3.4420726e-02   5.0964179e-03
   1.4139471e-01   9.4166560e-01   1.0000000e+00   2.7546712e-01   3.9158966e-02   4.4399945e-03
   1.7907731e-01   9.5231670e-01   1.0000000e+00   2.2728073e-01   4.3178052e-02   3.1085682e-03
   2.2114494e-01   9.6204597e-01   1.0000000e+00   1.8774947e-01   4.5776079e-02   2.8542597e-03
   2.6611659e-01   9.7059000e-01   1.0000000e+00   1.5147948e-01   4.8097762e-02   2.6877365e-03
   3.1366358e-01   9.7784799e-01   1.0000000e+00   1.0559339e-01   4.9631710e-02   2.7294668e-03
   3.6301885e-01   9.8307904e-01   1.0000000e+00   5.6543021e-02   5.0865981e-02   2.3820883e-03
   4.1380354e-01   9.8595362e-01   1.0000000e+00   1.0653458e-02   5.1341136e-02   2.9286512e-03
   4.6514176e-01   9.8650057e-01   1.0000000e+00  -4.5948251e-02   5.0977565e-02   3.8004151e-03
   5.1606553e-01   9.8415907e-01   1.0000000e+00  -1.1270262e-01   4.9285549e-02   3.8784949e-03
   5.6503840e-01   9.7861621e-01   1.0000000e+00  -1.8034965e-01   4.7303877e-02   4.1789233e-03
   6.1157505e-01   9.7013115e-01   1.0000000e+00  -2.5456917e-01   4.5037341e-02   4.2145427e-03
   6.5516092e-01   9.5878946e-01   1.0000000e+00  -3.3346210e-01   4.2770702e-02   4.2685983e-03
   6.9557559e-01   9.4478991e-01   1.0000000e+00  -4.1696509e-01   4.0432871e-02   4.2501611e-03
   7.3254427e-01   9.2841510e-01   1.0000000e+00  -5.1176524e-01   3.8596664e-02   4.7089173e-03
   7.6619598e-01   9.0951366e-01   1.0000000e+00  -6.2156629e-01   3.6543948e-02   4.2195180e-03
   7.9590502e-01   8.8823378e-01   1.0000000e+00  -7.2640659e-01   3.4776000e-02   4.3981994e-03
   8.2190237e-01   8.6513599e-01   1.0000000e+00  -8.4251833e-01   3.3032582e-02   4.1742193e-03
   8.4388838e-01   8.4048306e-01   1.0000000e+00  -9.6357654e-01   3.1835426e-02   3.9052714e-03
   8.6205324e-01   8.1433861e-01   1.0000000e+00  -1.0831731e+00   3.0966640e-02   4.4513507e-03
   8.7656196e-01   7.8698117e-01   1.0000000e+00  -1.2251249e+00   3.0265409e-02   4.6657450e-03
   8.8681674e-01   7.5850601e-01   1.0000000e+00  -1.3792488e+00   3.0163073e-02   4.8544712e-03
   8.9255914e-01   7.2889460e-01   1.0000000e+00  -1.5397226e+00   3.0532663e-02   9.1591820e-02
   8.9350775e-01   6.9837668e-01   1.0000000e+00   1.4598908e+00   3.1548528e-02   4.2463715e-03
   8.9001601e-01   6.6702197e-01   1.0000000e+00   1.3323356e+00   3.2904128e-02   4.1214310e-03
   8.8224382e-01   6.3504894e-01   1.0000000e+00   1.2163124e+00   3.4457121e-02   4.1617854e-03
   8.7028353e-01   6.0273417e-01   1.0000000e+00   1.1046693e+00   3.6045144e-02   3.7968877e-03
   8.5408377e-01   5.7053448e-01   1.0000000e+00   1.0048790e+00   3.7260985e-02   3.2045248e-03
   8.3410479e-01   5.3908259e-01   1.0000000e+00   9.2141843e-01   3.8034279e-02   3.7837052e-03
   8.1110580e-01   5.0878980e-01   1.0000000e+00   8.2741792e-01   3.9272856e-02   3.2749635e-03
   7.8452676e-01   4.7987766e-01   1.0000000e+00   7.4491237e-01   3.9748572e-02   2.9526674e-03
   7.5530570e-01   4.5293181e-01   1.0000000e+00   6.7084021e-01   3.9525943e-02   3.1183453e-03
   7.2434505e-01   4.2836073e-01   1.0000000e+00   5.9241999e-01   3.9184841e-02   3.0034230e-03
   6.9183762e-01   4.0648108e-01   1.0000000e+00   5.1913728e-01   3.8304712e-02   2.9846384e-03
   6.5857965e-01   3.8747692e-01   1.0000000e+00   4.4444444e-01   3.7454862e-02   2.9699541e-03
   6.2476354e-01   3.7137296e-01   1.0000000e+00   3.6665201e-01   3.6879579e-02   2.9178971e-03
   5.9033524e-01   3.5815193e-01   1.0000000e+00   2.8891807e-01   3.6335879e-02   2.5625841e-03
   5.5550539e-01   3.4779928e-01   1.0000000e+00   2.2941310e-01   3.4960423e-02   2.2544184e-03
   5.2146093e-01   3.3984907e-01   1.0000000e+00   1.8004735e-01   3.3509956e-02   2.3526857e-03
   4.8849265e-01   3.3384823e-01   1.0000000e+00   1.1942675e-01   3.2323125e-02   2.9737070e-03
   4.5639976e-01   3.2999716e-01   1.0000000e+00   6.0922307e-02   3.0028157e-02   2.0132593e-03
   4.2642731e-01   3.2816890e-01   1.0000000e+00   1.2568857e-02   2.8633521e-02   2.2932932e-03
   3.9779605e-01   3.2780902e-01   1.0000000e+00  -4.1024971e-02   2.6929332e-02   2.7938129e-03
   3.7088938e-01   3.2891349e-01   1.0000000e+00  -9.3709325e-02   2.4522566e-02   2.3979841e-03
   3.4647441e-01   3.3120812e-01   1.0000000e+00  -1.5068028e-01   2.2573588e-02   2.5783352e-03
   3.2415660e-01   3.3459666e-01   1.0000000e+00  -2.2283156e-01   2.0574812e-02   2.5758044e-03
   3.0409048e-01   3.3914353e-01   1.0000000e+00  -3.0432414e-01   1.8619445e-02   3.1458865e-03
   2.8632661e-01   3.4472281e-01   1.0000000e+00  -4.1258000e-01   1.6204139e-02   2.4117953e-03
   2.7148217e-01   3.5122026e-01   1.0000000e+00  -5.3736505e-01   1.4889554e-02   2.3775390e-03
   2.5869114e-01   3.5884183e-01   1.0000000e+00  -6.8311420e-01   1.3918377e-02   2.0678090e-03
   2.4789590e-01   3.6762727e-01   1.0000000e+00  -8.1248902e-01   1.2901834e-02   1.6456777e-03
   2.3902339e-01   3.7699402e-01   1.0000000e+00  -9.3628221e-01   1.2505176e-02   2.0083474e-03
   2.3161050e-01   3.8706519e-01   1.0000000e+00  -1.0936552e+00   1.2104522e-02   1.5314303e-03
   2.2605160e-01   3.9781777e-01   1.0000000e+00  -1.2197031e+00   1.1972734e-02   1.8014438e-03
   2.2193388e-01   4.0906014e-01   1.0000000e+00  -1.3693267e+00   1.2162669e-02   3.5712028e-02
   2.1950001e-01   4.2097680e-01   1.0000000e+00   1.5668075e+00   1.2401724e-02   2.3832799e-03
   2.1954948e-01   4.3337842e-01   1.0000000e+00   1.3809300e+00   1.3006760e-02   2.4338586e-03
   2.2200422e-01   4.4615145e-01   1.0000000e+00   1.2073683e+00   1.3916418e-02   2.4623836e-03
   2.2695123e-01   4.5915890e-01   1.0000000e+00   1.0597986e+00   1.5275052e-02   2.7406983e-03
   2.3442146e-01   4.7248267e-01   1.0000000e+00   9.1599433e-01   1.6914045e-02   3.3790413e-03
   2.4472215e-01   4.8589835e-01   1.0000000e+00   7.6744387e-01   1.9173429e-02   3.2054753e-03
   2.5852104e-01   4.9921043e-01   1.0000000e+00   6.4796193e-01   2.1415515e-02   3.4490010e-03
   2.7559596e-01   5.1213603e-01   1.0000000e+00   5.3606928e-01   2.3896169e-02   3.6352652e-03
   2.9614004e-01   5.2434125e-01   1.0000000e+00   4.4454347e-01   2.6799904e-02   3.6036799e-03
   3.2033519e-01   5.3586644e-01   1.0000000e+00   3.6443635e-01   2.9694293e-02   3.0741654e-03
   3.4807930e-01   5.4645016e-01   1.0000000e+00   2.9440376e-01   3.1958336e-02   2.8341679e-03
   3.7866264e-01   5.5572349e-01   1.0000000e+00   2.3395698e-01   3.4032158e-02   2.2148658e-03
   4.1176765e-01   5.6361311e-01   1.0000000e+00   1.8644253e-01   3.5545723e-02   2.1018477e-03
   4.4669736e-01   5.7020202e-01   1.0000000e+00   1.4438905e-01   3.7023314e-02   2.2981746e-03
   4.8333541e-01   5.7552923e-01   1.0000000e+00   9.5799778e-02   3.8453501e-02   2.1830041e-03
   5.2161259e-01   5.7920743e-01   1.0000000e+00   4.1846740e-02   3.9132615e-02   1.9829089e-03
   5.6071095e-01   5.8084452e-01   1.0000000e+00  -8.7782702e-03   3.9217550e-02   1.9320664e-03
   5.9992699e-01   5.8050027e-01   1.0000000e+00  -5.7881110e-02   3.9374352e-02   1.8825238e-03
   6.3923540e-01   5.7822251e-01   1.0000000e+00  -1.0439459e-01   3.8938772e-02   2.3423358e-03
   6.7796218e-01   5.7416489e-01   1.0000000e+00  -1.5689744e-01   3.7795539e-02   2.1521647e-03
   7.1529347e-01   5.6825917e-01   1.0000000e+00  -2.1245614e-01   3.7323994e-02   2.5538849e-03
   7.5177827e-01   5.6038898e-01   1.0000000e+00  -2.7799913e-01   3.6590635e-02   2.7901135e-03
   7.8696406e-01   5.5034733e-01   1.0000000e+00  -3.4822254e-01   3.5503296e-02   3.3578929e-03
   8.2033648e-01   5.3823263e-01   1.0000000e+00  -4.3608741e-01   3.4260633e-02   3.4155754e-03
   8.5139070e-01   5.2376106e-01   1.0000000e+00  -5.3118398e-01   3.3235380e-02   4.2307747e-03
   8.8004651e-01   5.0692553e-01   1.0000000e+00  -6.4882029e-01   3.1618656e-02   3.7510841e-03
   9.0524016e-01   4.8782006e-01   1.0000000e+00  -7.5893574e-01   3.0222812e-02   4.2186350e-03
   9.2716889e-01   4.6702224e-01   1.0000000e+00  -8.9366531e-01   2.9119879e-02   5.0433530e-03
   9.4541423e-01   4.4432698e-01   1.0000000e+00  -1.0608385e+00   2.7801787e-02   5.6889624e-03
   9.5898541e-01   4.2006255e-01   1.0000000e+00  -1.2632971e+00   2.6976000e-02   5.2742513e-03
   9.6715040e-01   3.9435190e-01   1.0000000e+00  -1.4579263e+00   2.7477879e-02   8.0697524e-02
   9.7024525e-01   3.6704886e-01   1.0000000e+00   1.4786602e+00   2.8490561e-02   5.6621091e-03
   9.6762395e-01   3.3867915e-01   1.0000000e+00   1.2892818e+00   3.0207564e-02   5.3049218e-03
   9.5923196e-01   3.0966068e-01   1.0000000e+00   1.1291581e+00   3.2386125e-02   4.6945879e-03
   9.4538945e-01   2.8038192e-01   1.0000000e+00   9.9919853e-01   3.4465652e-02   4.9994014e-03
   9.2674434e-01   2.5139500e-01   1.0000000e+00   8.7751072e-01   3.7186674e-02   3.7517688e-03
   9.0297954e-01   2.2279286e-01   1.0000000e+00   7.8745658e-01   3.8878187e-02   4.0449443e-03
   8.7554515e-01   1.9524530e-01   1.0000000e+00   6.9618798e-01   4.0820024e-02   4.0686369e-03
   8.4422426e-01   1.6906752e-01   1.0000000e+00   6.0649914e-01   4.2594890e-02   2.8504591e-03
   8.0922623e-01   1.4478867e-01   1.0000000e+00   5.4042803e-01   4.3047526e-02   2.4292529e-03
