   2.5839715e-03   8.0604640e-01   1.0000000e+00   1.0000000e-02   0.0000000e+00   2.8615166e-03
   2.5839715e-03   8.0604640e-01   1.0000000e+00  -1.2012386e+00   2.8615166e-03   3.0694051e-03
   1.5503829e-03   8.0871473e-01   1.0000000e+00  -1.5565794e+00   5.7576067e-03   1.5412176e-02
   1.4685300e-03   8.1447176e-01   1.0000000e+00   1.0067375e+00   1.0198302e-02   6.3416242e-03
   6.9207531e-03   8.2309026e-01   1.0000000e+00   7.0157063e-01   1.5723744e-02   2.1435411e-03
   1.8931011e-02   8.3323865e-01   1.0000000e+00   6.9432104e-01   1.3583236e-02   3.4889934e-03
   2.9369570e-02   8.4193007e-01   1.0000000e+00   6.3524997e-01   1.6978714e-02   3.7652256e-03
   4.3036134e-02   8.5200488e-01   1.0000000e+00   5.9617123e-01   2.0685017e-02   4.6453764e-03
   6.0152808e-02   8.6361907e-01   1.0000000e+00   5.1652423e-01   2.5028433e-02   5.0649752e-03
   8.1916056e-02   8.7597963e-01   1.0000000e+00   4.7594582e-01   2.9990540e-02   5.1540530e-03
   1.0857344e-01   8.8972068e-01   1.0000000e+00   4.1736936e-01   3.4835963e-02   4.7201572e-03
   1.4041903e-01   9.0384168e-01   1.0000000e+00   3.6429870e-01   3.9178997e-02   3.6613079e-03
   1.7702686e-01   9.1780093e-01   1.0000000e+00   3.2091764e-01   4.2421904e-02   2.7314679e-03
   2.1728297e-01   9.3118238e-01   1.0000000e+00   2.9055631e-01   4.4830640e-02   3.3258316e-03
   2.6023452e-01   9.4402570e-01   1.0000000e+00   2.4761077e-01   4.7542553e-02   2.6534178e-03
   3.0632706e-01   9.5567783e-01   1.0000000e+00   2.0921189e-01   4.9468138e-02   2.0788721e-03
   3.5471654e-01   9.6595182e-01   1.0000000e+00   1.7284132e-01   5.0509601e-02   5.3304204e-02
   4.0447356e-01   9.7463856e-01   1.0000000e+00  -7.2805116e-01   7.8271979e-02   7.4083389e-03
   4.6290144e-01   9.2255512e-01   1.0000000e+00  -8.1690489e-01   7.5719561e-02   8.4552404e-03
   5.1473004e-01   8.6735323e-01   1.0000000e+00  -9.2104262e-01   7.2667723e-02   8.4766581e-03
   5.5869331e-01   8.0949280e-01   1.0000000e+00  -1.0320259e+00   7.0057916e-02   8.5722534e-03
   5.9463869e-01   7.4935928e-01   1.0000000e+00  -1.1506274e+00   6.7949731e-02   8.1649139e-03
   6.2235638e-01   6.8731981e-01   1.0000000e+00  -1.2688177e+00   6.6477005e-02   8.1589731e-03
   6.4212730e-01   6.2385090e-01   1.0000000e+00  -1.3907722e+00   6.5559054e-02   8.2204387e-03
   6.5386587e-01   5.5935132e-01   1.0000000e+00  -1.5160857e+00   6.5272348e-02   1.9600001e-01
   6.5743518e-01   4.9417664e-01   1.0000000e+00   1.4867135e+00   6.5590013e-02   7.7751162e-03
   6.5192668e-01   4.2881835e-01   1.0000000e+00   1.3693691e+00   6.6692042e-02   7.0795797e-03
   6.3858374e-01   3.6347468e-01   1.0000000e+00   1.2659338e+00   6.8283824e-02   8.2155023e-02
   6.1808753e-01   2.9833955e-01   1.0000000e+00   1.6238489e-01   3.5555535e-02   1.7326875e-03
   5.8299975e-01   2.9259120e-01   1.0000000e+00   1.2056059e-01   3.4666275e-02   2.3814896e-03
   5.4858510e-01   2.8842193e-01   1.0000000e+00   7.1571539e-02   3.2996731e-02   2.2518605e-03
   5.1567285e-01   2.8606232e-01   1.0000000e+00   2.6377101e-02   3.1309427e-02   2.2415029e-03
   4.8437431e-01   2.8523657e-01   1.0000000e+00  -1.6491647e-02   2.9514199e-02   2.5702121e-03
   4.5486413e-01   2.8572328e-01   1.0000000e+00  -6.6135500e-02   2.7402521e-02   2.6000919e-03
   4.2752151e-01   2.8753424e-01   1.0000000e+00  -1.1999724e-01   2.5261947e-02   3.1292661e-03
   4.0244123e-01   2.9055834e-01   1.0000000e+00  -1.8498110e-01   2.2597853e-02   3.5944807e-03
   3.8022890e-01   2.9471471e-01   1.0000000e+00  -2.7412395e-01   1.9620886e-02   2.9510531e-03
   3.6134060e-01   3.0002616e-01   1.0000000e+00  -3.6694356e-01   1.7298832e-02   3.0010979e-03
   3.4519338e-01   3.0623236e-01   1.0000000e+00  -4.8913061e-01   1.5168365e-02   2.9604785e-03
   3.3180364e-01   3.1335935e-01   1.0000000e+00  -6.4497567e-01   1.3386136e-02   2.8453344e-03
   3.2110658e-01   3.2140681e-01   1.0000000e+00  -8.4329812e-01   1.2362360e-02   2.1050314e-03
   3.1288557e-01   3.3063952e-01   1.0000000e+00  -1.0046028e+00   1.1688049e-02   1.5799354e-03
   3.0661583e-01   3.4050364e-01   1.0000000e+00  -1.1351949e+00   1.1280126e-02   1.3375735e-03
   3.0185611e-01   3.5073039e-01   1.0000000e+00  -1.2537502e+00   1.1254055e-02   2.3113843e-03
   2.9834754e-01   3.6142354e-01   1.0000000e+00  -1.4589327e+00   1.1152104e-02   3.2444955e-02
   2.9710262e-01   3.7250595e-01   1.0000000e+00   1.4498227e+00   1.1787035e-02   3.2541522e-03
   2.9852507e-01   3.8420684e-01   1.0000000e+00   1.1963078e+00   1.3075536e-02   3.4446640e-03
   3.0330805e-01   3.9637617e-01   1.0000000e+00   9.7661893e-01   1.4976632e-02   3.0631352e-03
   3.1169238e-01   4.0878595e-01   1.0000000e+00   8.3066423e-01   1.7122464e-02   3.2513178e-03
   3.2323952e-01   4.2142882e-01   1.0000000e+00   6.9616778e-01   1.9417605e-02   2.9566926e-03
   3.3813875e-01   4.3388098e-01   1.0000000e+00   6.0927293e-01   2.1845584e-02   2.7884124e-03
   3.5605354e-01   4.4638258e-01   1.0000000e+00   5.2579568e-01   2.3955014e-02   3.7542532e-03
   3.7677282e-01   4.5840564e-01   1.0000000e+00   4.3206616e-01   2.6963848e-02   3.9059178e-03
   4.0125876e-01   4.6969669e-01   1.0000000e+00   3.5513111e-01   3.0273347e-02   3.5592194e-03
   4.2964308e-01   4.8022314e-01   1.0000000e+00   2.8886230e-01   3.3213295e-02   2.3844660e-03
   4.6148030e-01   4.8968434e-01   1.0000000e+00   2.3729995e-01   3.4872460e-02   2.4409026e-03
   4.9537550e-01   4.9788213e-01   1.0000000e+00   1.8081114e-01   3.6313809e-02   2.2107306e-03
   5.3109733e-01   5.0441235e-01   1.0000000e+00   1.2172578e-01   3.6846414e-02   2.1119362e-03
   5.6767110e-01   5.0888644e-01   1.0000000e+00   6.6054604e-02   3.7348919e-02   2.5434341e-03
   6.0493857e-01   5.1135172e-01   1.0000000e+00  -1.3125043e-03   3.7720880e-02   2.0865678e-03
   6.4265942e-01   5.1130221e-01   1.0000000e+00  -5.4167427e-02   3.7105421e-02   2.3309866e-03
   6.7971041e-01   5.0929328e-01   1.0000000e+00  -1.1698161e-01   3.7071968e-02   2.4471274e-03
   7.1652901e-01   5.0496643e-01   1.0000000e+00  -1.8298698e-01   3.7042446e-02   2.6957831e-03
   7.5295302e-01   4.9822591e-01   1.0000000e+00  -2.4889630e-01   3.5899377e-02   3.0578303e-03
   7.8774615e-01   4.8938266e-01   1.0000000e+00  -3.2588764e-01   3.4591342e-02   2.6652718e-03
   8.2051684e-01   4.7830824e-01   1.0000000e+00  -3.9693055e-01   3.3559588e-02   3.1536913e-03
   8.5146724e-01   4.6533447e-01   1.0000000e+00  -4.8280795e-01   3.2279046e-02   3.8273692e-03
   8.8005662e-01   4.5034834e-01   1.0000000e+00  -5.8663674e-01   3.0430739e-02   3.7944038e-03
   9.0539956e-01   4.3350300e-01   1.0000000e+00  -6.9499823e-01   2.8553544e-02   4.1984276e-03
   9.2733025e-01   4.1521776e-01   1.0000000e+00  -8.2876252e-01   2.6810375e-02   3.9475447e-03
   9.4544839e-01   3.9545595e-01   1.0000000e+00  -9.6292567e-01   2.5184043e-02   3.8014776e-03
   9.5983152e-01   3.7478323e-01   1.0000000e+00  -1.1084702e+00   2.4176035e-02   4.2584556e-03
   9.7061479e-01   3.5314526e-01   1.0000000e+00  -1.2810433e+00   2.3322958e-02   4.2208952e-03
   9.7727852e-01   3.3079453e-01   1.0000000e+00  -1.4609088e+00   2.2856086e-02   6.7579779e-02
   9.7978507e-01   3.0807630e-01   1.0000000e+00   1.4957752e+00   2.3314093e-02   3.9736381e-03
   9.7803766e-01   2.8482778e-01   1.0000000e+00   1.3289269e+00   2.4125477e-02   3.9490149e-03
   9.7225917e-01   2.6140455e-01   1.0000000e+00   1.1810647e+00   2.5819429e-02   4.5231059e-03
   9.6244933e-01   2.3752130e-01   1.0000000e+00   1.0294087e+00   2.8083498e-02   4.0800449e-03
   9.4797719e-01   2.1345389e-01   1.0000000e+00   9.0604861e-01   3.0238680e-02   3.9516536e-03
   9.2932414e-01   1.8965386e-01   1.0000000e+00   7.9604799e-01   3.2372098e-02   3.9159069e-03
   9.0667868e-01   1.6652086e-01   1.0000000e+00   6.9629911e-01   3.4587355e-02   2.7612307e-03
   8.8014253e-01   1.4433712e-01   1.0000000e+00   6.2620800e-01   3.5909221e-02   2.6429530e-03
   8.5104688e-01   1.2329157e-01   1.0000000e+00   5.6092932e-01   3.7130026e-02   2.4603872e-03
   8.1960662e-01   1.0353939e-01   1.0000000e+00   5.0104677e-01   3.8183504e-02   2.1500153e-03
   7.8611662e-01   8.5198177e-02   1.0000000e+00   4.4693237e-01   3.8777696e-02   2.0841483e-03
   7.5114778e-01   6.8438408e-02   1.0000000e+00   3.9318656e-01   3.8783933e-02   2.0531575e-03
   7.1532333e-01   5.3578974e-02   1.0000000e+00   3.4027921e-01   3.8713669e-02   2.3777100e-03
   6.7882945e-01   4.0658275e-02   1.0000000e+00   2.7925893e-01   3.8443571e-02   2.5775431e-03
   6.4187518e-01   3.0061560e-02   1.0000000e+00   2.3130825e-01   3.6642010e-02   2.5934136e-03
   6.0620905e-01   2.1661338e-02   1.0000000e+00   1.8969490e-01   3.4544204e-02   2.5552683e-03
   5.7228450e-01   1.5147708e-02   1.0000000e+00   1.5780671e-01   3.2238564e-02   2.9233053e-03
   5.4044653e-01   1.0081335e-02   1.0000000e+00   1.2561837e-01   2.9505638e-02   2.3563161e-03
   5.1117338e-01   6.3846252e-03   1.0000000e+00   9.1086141e-02   2.7381002e-02   2.6497304e-03
   4.8390589e-01   3.8940426e-03   1.0000000e+00   5.4601693e-02   2.4926800e-02   2.7616859e-03
   4.5901623e-01   2.5336733e-03   1.0000000e+00   2.8462113e-02   2.2243079e-02   3.0195805e-03
   4.3678216e-01   1.9006737e-03   1.0000000e+00   2.7386003e-03   1.9278204e-02   3.0942467e-03
   4.1750403e-01   1.8478785e-03   1.0000000e+00  -4.4405411e-02   1.6320442e-02   2.8623136e-03
   4.0119968e-01   2.5723563e-03   1.0000000e+00  -8.2223971e-02   1.3525468e-02   2.8615912e-03
   3.8771991e-01   3.6832213e-03   1.0000000e+00  -9.9594691e-02   1.0673538e-02   2.2042301e-03
   3.7709926e-01   4.7444925e-03   1.0000000e+00  -1.2538143e-01   8.4865591e-03   9.1424437e-04
   3.6867932e-01   5.8057636e-03   1.0000000e+00  -1.2466769e-01   9.4007834e-03   3.5546922e-03
   3.5935150e-01   6.9747041e-03   1.0000000e+00  -2.8541007e-01   6.1832688e-03   4.4711468e-03
   3.5341836e-01   8.7156093e-03   1.0000000e+00  -7.3930813e-01   2.7027087e-03   6.3262809e-03
   3.5142124e-01   1.0536632e-02   1.0000000e+00   1.5707963e+00   1.6828827e-03   3.1195058e-03
