   0.0000000e+00   9.0252496e-01   1.0000000e+00   1.5707963e+00   3.1317259e-03   1.5204533e-02
   0.0000000e+00   9.0565668e-01   1.0000000e+00   6.3869122e-01   1.8053411e-02   1.9807089e-02
   1.4494662e-02   9.1641914e-01   1.0000000e+00   4.1232464e-01   3.7434323e-02   5.4291728e-03
   4.8791679e-02   9.3142057e-01   1.0000000e+00   2.9922842e-01   4.0833127e-02   3.9216829e-03
   8.7810355e-02   9.4345749e-01   1.0000000e+00   2.2115513e-01   4.3117072e-02   6.2504055e-03
   1.2987730e-01   9.5291551e-01   1.0000000e+00   2.4023494e-01   3.6921041e-02   4.8135616e-03
   1.6573804e-01   9.6170016e-01   1.0000000e+00   2.1445138e-01   4.1639532e-02   4.9851745e-03
   2.0642375e-01   9.7056153e-01   1.0000000e+00   1.7371369e-01   4.6327233e-02   4.5809825e-03
   2.5205375e-01   9.7856879e-01   1.0000000e+00   1.5468896e-01   5.0822630e-02   4.7473838e-03
   3.0226953e-01   9.8639917e-01   1.0000000e+00   7.4766738e-02   4.8365200e-02   1.8448183e-03
   3.5049961e-01   9.9001191e-01   1.0000000e+00   3.9551558e-02   4.9074073e-02   1.7306564e-03
   3.9953530e-01   9.9195236e-01   1.0000000e+00   5.5830050e-03   4.9539224e-02   1.8115627e-03
   4.4907375e-01   9.9222894e-01   1.0000000e+00  -3.0982583e-02   4.9561080e-02   1.6936286e-03
   4.9861105e-01   9.9069366e-01   1.0000000e+00  -6.2269415e-02   4.8879912e-02   1.8771349e-03
   5.4739623e-01   9.8765190e-01   1.0000000e+00  -9.9277752e-02   4.8378630e-02   2.0432371e-03
   5.9553664e-01   9.8285686e-01   1.0000000e+00  -1.3516527e-01   4.7301381e-02   2.4465276e-03
   6.4240659e-01   9.7648281e-01   1.0000000e+00  -1.7469019e-01   4.5723358e-02   3.1056750e-03
   6.8743406e-01   9.6853595e-01   1.0000000e+00  -2.2027549e-01   4.3421000e-02   3.3727717e-03
   7.2980589e-01   9.5904853e-01   1.0000000e+00  -2.7684156e-01   4.1109530e-02   3.2665074e-03
   7.6935011e-01   9.4781252e-01   1.0000000e+00  -3.3604276e-01   3.8930767e-02   3.6863568e-03
   8.0610336e-01   9.3497495e-01   1.0000000e+00  -4.0523168e-01   3.6414049e-02   3.6326080e-03
   8.3956828e-01   9.2061938e-01   1.0000000e+00  -4.7809925e-01   3.3933063e-02   4.0334669e-03
   8.6969646e-01   9.0500704e-01   1.0000000e+00  -5.6897022e-01   3.1332929e-02   3.5146108e-03
   8.9609308e-01   8.8812596e-01   1.0000000e+00  -6.6001946e-01   2.9280176e-02   3.8119679e-03
   9.1922385e-01   8.7017334e-01   1.0000000e+00  -7.7051552e-01   2.7264327e-02   3.7706039e-03
   9.3878741e-01   8.5118359e-01   1.0000000e+00  -8.9191174e-01   2.5458013e-02   4.3646047e-03
   9.5477314e-01   8.3137029e-01   1.0000000e+00  -1.0500586e+00   2.3772709e-02   4.8721877e-03
   9.6660054e-01   8.1074860e-01   1.0000000e+00  -1.2479649e+00   2.2506468e-02   4.3970841e-03
   9.7374079e-01   7.8940479e-01   1.0000000e+00  -1.4427583e+00   2.2168950e-02   6.5140779e-02
   9.7657151e-01   7.6741731e-01   1.0000000e+00   1.4956200e+00   2.2219834e-02   4.5774838e-03
   9.7490267e-01   7.4526023e-01   1.0000000e+00   1.2934173e+00   2.3095687e-02   4.4129915e-03
   9.6857825e-01   7.2304735e-01   1.0000000e+00   1.1117957e+00   2.4466522e-02   4.1692655e-03
   9.5773830e-01   7.0111321e-01   1.0000000e+00   9.5811318e-01   2.6267800e-02   4.1442466e-03
   9.4263261e-01   6.7962332e-01   1.0000000e+00   8.1955225e-01   2.8249575e-02   4.2817492e-03
   9.2335091e-01   6.5897739e-01   1.0000000e+00   6.9363026e-01   3.0632724e-02   3.4884539e-03
   8.9979648e-01   6.3939288e-01   1.0000000e+00   6.0344613e-01   3.2762849e-02   3.6579952e-03
   8.7282005e-01   6.2080051e-01   1.0000000e+00   5.1383395e-01   3.4944849e-02   3.1185550e-03
   8.4238775e-01   6.0362443e-01   1.0000000e+00   4.4186607e-01   3.6788929e-02   2.2522069e-03
   8.0913221e-01   5.8789249e-01   1.0000000e+00   3.8516989e-01   3.7638581e-02   2.4076601e-03
   7.7425123e-01   5.7375105e-01   1.0000000e+00   3.2755149e-01   3.8684371e-02   2.2271404e-03
   7.3762360e-01   5.6130530e-01   1.0000000e+00   2.7663799e-01   3.9724083e-02   2.0761297e-03
   6.9940986e-01   5.5045573e-01   1.0000000e+00   2.2808907e-01   4.0492826e-02   1.7119917e-03
   6.5996579e-01   5.4129964e-01   1.0000000e+00   1.8714667e-01   4.0919875e-02   1.5257474e-03
   6.1976041e-01   5.3368624e-01   1.0000000e+00   1.4997576e-01   4.0799974e-02   1.2254481e-03
   5.7941843e-01   5.2759015e-01   1.0000000e+00   1.2083357e-01   4.0503325e-02   1.1973659e-03
   5.3921043e-01   5.2270789e-01   1.0000000e+00   9.2253298e-02   4.0197292e-02   1.5500002e-03
   4.9918407e-01   5.1900482e-01   1.0000000e+00   5.6303299e-02   3.9636749e-02   2.0391859e-03
   4.5961013e-01   5.1677431e-01   1.0000000e+00   2.0689314e-02   3.8165151e-02   2.5035701e-03
   4.2145315e-01   5.1598476e-01   1.0000000e+00  -1.8331398e-02   3.6152677e-02   2.7600575e-03
   3.8530654e-01   5.1664745e-01   1.0000000e+00  -5.8706272e-02   3.3810176e-02   3.1034863e-03
   3.5155461e-01   5.1863118e-01   1.0000000e+00  -1.0315421e-01   3.1094804e-02   3.7460685e-03
   3.2062510e-01   5.2183306e-01   1.0000000e+00  -1.5694475e-01   2.7742877e-02   3.9500363e-03
   2.9322320e-01   5.2616930e-01   1.0000000e+00  -2.2573325e-01   2.4284434e-02   4.2684840e-03
   2.6955486e-01   5.3160467e-01   1.0000000e+00  -3.1853500e-01   2.0659372e-02   3.5001616e-03
   2.4993475e-01   5.3807468e-01   1.0000000e+00  -4.1843175e-01   1.7832387e-02   3.3910648e-03
   2.3364081e-01   5.4532048e-01   1.0000000e+00  -5.4631098e-01   1.5322580e-02   3.9690778e-03
   2.2054848e-01   5.5328115e-01   1.0000000e+00  -7.4163851e-01   1.2715666e-02   4.5801234e-03
   2.1117242e-01   5.6187055e-01   1.0000000e+00  -1.0486041e+00   1.0319419e-02   3.2698428e-03
   2.0602529e-01   5.7081467e-01   1.0000000e+00  -1.3469638e+00   9.2183960e-03   2.4717716e-02
   2.0397910e-01   5.7980311e-01   1.0000000e+00   1.3343807e+00   9.2501735e-03   3.3938826e-03
   2.0614567e-01   5.8879598e-01   1.0000000e+00   1.0010157e+00   1.0667682e-02   3.5950778e-03
   2.1190032e-01   5.9777837e-01   1.0000000e+00   7.5485743e-01   1.3123091e-02   3.4810006e-03
   2.2145878e-01   6.0677011e-01   1.0000000e+00   5.9035347e-01   1.5853832e-02   4.1744087e-03
   2.3462925e-01   6.1559522e-01   1.0000000e+00   4.4907772e-01   1.9376495e-02   3.7545010e-03
   2.5208453e-01   6.2400724e-01   1.0000000e+00   3.7388455e-01   2.2836768e-02   4.5910482e-03
   2.7334363e-01   6.3234801e-01   1.0000000e+00   2.9685981e-01   2.7077482e-02   4.2416360e-03
   2.9923674e-01   6.4026868e-01   1.0000000e+00   2.4287759e-01   3.1059303e-02   4.2025245e-03
   3.2938445e-01   6.4773834e-01   1.0000000e+00   1.9356039e-01   3.4972733e-02   3.0772831e-03
   3.6370409e-01   6.5446549e-01   1.0000000e+00   1.5711659e-01   3.7773665e-02   3.5178188e-03
   4.0101248e-01   6.6037597e-01   1.0000000e+00   1.2464450e-01   4.1070713e-02   2.3371986e-03
   4.4176456e-01   6.6548196e-01   1.0000000e+00   9.0928277e-02   4.2953521e-02   2.0807500e-03
   4.8454063e-01   6.6938227e-01   1.0000000e+00   5.6519333e-02   4.4418130e-02   1.7143556e-03
   5.2888784e-01   6.7189142e-01   1.0000000e+00   1.9564867e-02   4.4912764e-02   1.5818118e-03
   5.7379201e-01   6.7277008e-01   1.0000000e+00  -1.5510601e-02   4.5055748e-02   2.2795104e-03
   6.1884233e-01   6.7207126e-01   1.0000000e+00  -5.4599772e-02   4.3608554e-02   2.7741681e-03
   6.6238590e-01   6.6969143e-01   1.0000000e+00  -1.0821900e-01   4.2115717e-02   3.4631135e-03
   7.0425524e-01   6.6514260e-01   1.0000000e+00  -1.6239732e-01   3.9510581e-02   3.4347142e-03
   7.4324597e-01   6.5875435e-01   1.0000000e+00  -2.2630433e-01   3.7182143e-02   3.8221938e-03
   7.7948005e-01   6.5041151e-01   1.0000000e+00  -3.0111975e-01   3.4560929e-02   4.1282965e-03
   8.1248591e-01   6.4016109e-01   1.0000000e+00  -3.9484102e-01   3.2001417e-02   4.9882862e-03
   8.4202506e-01   6.2785138e-01   1.0000000e+00  -5.1974438e-01   2.9017072e-02   4.9883765e-03
   8.6721032e-01   6.1343981e-01   1.0000000e+00  -6.6444479e-01   2.6323723e-02   5.1697840e-03
   8.8793391e-01   5.9720802e-01   1.0000000e+00  -8.3704818e-01   2.3857411e-02   4.7040287e-03
   9.0391022e-01   5.7948985e-01   1.0000000e+00  -1.0227877e+00   2.2278873e-02   5.2025859e-03
   9.1551725e-01   5.6047341e-01   1.0000000e+00  -1.2498673e+00   2.1065346e-02   4.2966992e-03
   9.2216228e-01   5.4048360e-01   1.0000000e+00  -1.4534851e+00   2.0812966e-02   6.1041293e-02
   9.2459828e-01   5.1981369e-01   1.0000000e+00   1.4793636e+00   2.0772648e-02   3.8877579e-03
   9.2270163e-01   4.9912781e-01   1.0000000e+00   1.2942639e+00   2.1347589e-02   4.2213061e-03
   9.1687328e-01   4.7859126e-01   1.0000000e+00   1.1014145e+00   2.2280754e-02   4.1045223e-03
   9.0679491e-01   4.5872021e-01   1.0000000e+00   9.2866246e-01   2.3706221e-02   4.6535738e-03
   8.9259712e-01   4.3973580e-01   1.0000000e+00   7.5648378e-01   2.5941266e-02   4.1327331e-03
   8.7373123e-01   4.2193053e-01   1.0000000e+00   6.2766557e-01   2.8372824e-02   4.2202404e-03
   8.5076625e-01   4.0526840e-01   1.0000000e+00   5.1016408e-01   3.0960464e-02   3.4638559e-03
   8.2374816e-01   3.9014977e-01   1.0000000e+00   4.2478586e-01   3.3198991e-02   3.0556033e-03
   7.9349966e-01   3.7646761e-01   1.0000000e+00   3.5040926e-01   3.4998886e-02   2.6623962e-03
   7.6062758e-01   3.6445312e-01   1.0000000e+00   2.8944814e-01   3.6591440e-02   1.9802079e-03
   7.2555828e-01   3.5400907e-01   1.0000000e+00   2.3769383e-01   3.7170127e-02   1.2261061e-03
   6.8943325e-01   3.4525692e-01   1.0000000e+00   2.0514973e-01   3.6970031e-02   1.5399556e-03
   6.5323846e-01   3.3772561e-01   1.0000000e+00   1.7236582e-01   3.6020049e-02   1.9664205e-03
   6.1775217e-01   3.3154769e-01   1.0000000e+00   1.5120700e-01   3.4207330e-02   2.2304077e-03
   5.8393514e-01   3.2639499e-01   1.0000000e+00   1.3069636e-01   3.2090149e-02   3.2953617e-03
   5.5211868e-01   3.2221285e-01   1.0000000e+00   1.1476597e-01   2.8834681e-02   3.5986779e-03
   5.2347368e-01   3.1891087e-01   1.0000000e+00   9.2780054e-02   2.5292283e-02   3.7607248e-03
   4.9829018e-01   3.1656762e-01   1.0000000e+00   7.7663958e-02   2.1551042e-02   4.1361175e-03
