   0.0000000e+00   8.7559809e-01   1.0000000e+00   9.0150491e-01   1.5632034e-02   8.9578290e-03
   9.6985894e-03   8.8785769e-01   1.0000000e+00   5.3802804e-01   2.2557271e-02   7.1140851e-03
   2.9068989e-02   8.9941702e-01   1.0000000e+00   4.3329568e-01   2.9267630e-02   3.5907477e-03
   5.5631907e-02   9.1170545e-01   1.0000000e+00   3.7876338e-01   3.2484173e-02   6.0578841e-03
   8.5813687e-02   9.2371718e-01   1.0000000e+00   2.9678735e-01   3.7925386e-02   2.9642972e-03
   1.2208101e-01   9.3480844e-01   1.0000000e+00   3.1549650e-01   3.5047263e-02   4.4335583e-03
   1.5539843e-01   9.4568320e-01   1.0000000e+00   2.5759763e-01   3.8989191e-02   3.5960038e-03
   1.9310116e-01   9.5561602e-01   1.0000000e+00   2.1941845e-01   4.2262628e-02   3.3270817e-03
   2.3435051e-01   9.6481499e-01   1.0000000e+00   1.8068353e-01   4.5159104e-02   2.9531556e-03
   2.7877447e-01   9.7293017e-01   1.0000000e+00   1.4768132e-01   4.7708610e-02   2.3797986e-03
   3.2596377e-01   9.7995026e-01   1.0000000e+00   1.1118866e-01   4.9331050e-02   2.0864145e-03
   3.7499020e-01   9.8542402e-01   1.0000000e+00   7.3841773e-02   5.0310250e-02   2.0094668e-03
   4.2516335e-01   9.8913564e-01   1.0000000e+00   3.5454129e-02   5.0865288e-02   2.0197974e-03
   4.7599667e-01   9.9093865e-01   1.0000000e+00  -2.4385201e-03   5.0261441e-02   2.4358940e-03
   5.2625796e-01   9.9081608e-01   1.0000000e+00  -4.2904237e-02   4.8920929e-02   2.8423139e-03
   5.7513387e-01   9.8871781e-01   1.0000000e+00  -9.2684260e-02   4.7455277e-02   3.3045855e-03
   6.2238547e-01   9.8432575e-01   1.0000000e+00  -1.4770437e-01   4.5429693e-02   3.7897549e-03
   6.6732050e-01   9.7763996e-01   1.0000000e+00  -2.1232437e-01   4.3033007e-02   4.0269194e-03
   7.0938715e-01   9.6857150e-01   1.0000000e+00  -2.8813217e-01   4.0672099e-02   4.3248204e-03
   7.4838259e-01   9.5701404e-01   1.0000000e+00  -3.8071032e-01   3.8544606e-02   4.3253088e-03
   7.8416744e-01   9.4269163e-01   1.0000000e+00  -4.8170551e-01   3.6659334e-02   4.5081651e-03
   8.1665516e-01   9.2570768e-01   1.0000000e+00  -5.9642854e-01   3.5035790e-02   3.7010639e-03
   8.4564192e-01   9.0602839e-01   1.0000000e+00  -6.9968053e-01   3.4253832e-02   3.8599817e-03
   8.7184774e-01   8.8396983e-01   1.0000000e+00  -8.1184852e-01   3.3883583e-02   3.5797399e-03
   8.9516501e-01   8.5938525e-01   1.0000000e+00  -9.1749666e-01   3.3887693e-02   3.6948433e-03
   9.1576229e-01   8.3247562e-01   1.0000000e+00  -1.0264653e+00   3.4013623e-02   3.5637705e-03
   9.3337610e-01   8.0337785e-01   1.0000000e+00  -1.1312360e+00   3.4045395e-02   3.8595294e-03
   9.4786384e-01   7.7256885e-01   1.0000000e+00  -1.2445442e+00   3.3924071e-02   3.7288152e-03
   9.5873634e-01   7.4043427e-01   1.0000000e+00  -1.3542785e+00   3.3709469e-02   3.9878213e-03
   9.6597815e-01   7.0751187e-01   1.0000000e+00  -1.4720745e+00   3.3341865e-02   1.0110510e-01
   9.6926437e-01   6.7433235e-01   1.0000000e+00   1.5602682e+00   3.2862961e-02   4.0189415e-03
   9.6891839e-01   6.4147121e-01   1.0000000e+00   1.4384779e+00   3.2498597e-02   4.1856253e-03
   9.6463076e-01   6.0925669e-01   1.0000000e+00   1.3103424e+00   3.2075848e-02   4.4762031e-03
   9.5637062e-01   5.7826266e-01   1.0000000e+00   1.1709033e+00   3.2254667e-02   4.1059476e-03
   9.4381324e-01   5.4855280e-01   1.0000000e+00   1.0436150e+00   3.2304833e-02   4.1745403e-03
   9.2756070e-01   5.2063404e-01   1.0000000e+00   9.1488750e-01   3.2670210e-02   3.8570199e-03
   9.0763580e-01   4.9474309e-01   1.0000000e+00   7.9768736e-01   3.3134666e-02   4.0275017e-03
   8.8449574e-01   4.7102719e-01   1.0000000e+00   6.8076710e-01   3.4235581e-02   3.4771664e-03
   8.5789161e-01   4.4947968e-01   1.0000000e+00   5.8585007e-01   3.5472988e-02   3.0022538e-03
   8.2833401e-01   4.2986639e-01   1.0000000e+00   5.1009452e-01   3.6811673e-02   2.8734460e-03
   7.9620853e-01   4.1189273e-01   1.0000000e+00   4.4388277e-01   3.8333495e-02   2.7713647e-03
   7.6158989e-01   3.9543044e-01   1.0000000e+00   3.8224332e-01   3.9781727e-02   2.2959292e-03
   7.2467920e-01   3.8059174e-01   1.0000000e+00   3.3458529e-01   4.1076634e-02   1.8427973e-03
   6.8588041e-01   3.6710310e-01   1.0000000e+00   2.9543485e-01   4.1976465e-02   1.6439139e-03
   6.4572255e-01   3.5488141e-01   1.0000000e+00   2.5645235e-01   4.2134008e-02   1.5345281e-03
   6.0496649e-01   3.4419409e-01   1.0000000e+00   2.2006610e-01   4.2200231e-02   1.3923263e-03
   5.6378401e-01   3.3498203e-01   1.0000000e+00   1.9330720e-01   4.1385732e-02   1.6465041e-03
   5.2316911e-01   3.2703160e-01   1.0000000e+00   1.7180285e-01   4.0000480e-02   2.5545679e-03
   4.8375751e-01   3.2019316e-01   1.0000000e+00   1.3831316e-01   3.7825330e-02   3.1460282e-03
   4.4629342e-01   3.1497809e-01   1.0000000e+00   9.8925574e-02   3.5054437e-02   3.8723464e-03
   4.1141037e-01   3.1151596e-01   1.0000000e+00   3.5085704e-02   3.1894216e-02   4.1470072e-03
   3.7953578e-01   3.1039716e-01   1.0000000e+00  -3.7410720e-02   2.8451641e-02   3.6236399e-03
   3.5110405e-01   3.1146131e-01   1.0000000e+00  -1.1670275e-01   2.5615925e-02   3.6929532e-03
   3.2566236e-01   3.1444397e-01   1.0000000e+00  -2.0967009e-01   2.2793404e-02   3.6759294e-03
   3.0336814e-01   3.1918813e-01   1.0000000e+00  -3.1777804e-01   2.0065688e-02   3.3898638e-03
   2.8430710e-01   3.2545779e-01   1.0000000e+00  -4.4586726e-01   1.7855427e-02   3.1605398e-03
   2.6819727e-01   3.3315777e-01   1.0000000e+00  -5.8766441e-01   1.5963667e-02   2.9609655e-03
   2.5491171e-01   3.4200833e-01   1.0000000e+00  -7.5140017e-01   1.4572536e-02   2.3841465e-03
   2.4426306e-01   3.5195645e-01   1.0000000e+00  -9.1002496e-01   1.3988739e-02   1.6432829e-03
   2.3567781e-01   3.6300083e-01   1.0000000e+00  -1.0241183e+00   1.3597470e-02   1.7710717e-03
   2.2860913e-01   3.7461655e-01   1.0000000e+00  -1.1543425e+00   1.3562152e-02   2.2908822e-03
   2.2312297e-01   3.8701954e-01   1.0000000e+00  -1.3193308e+00   1.3070924e-02   2.9081296e-03
   2.1987062e-01   3.9967936e-01   1.0000000e+00  -1.5413709e+00   1.2886392e-02   3.7643172e-02
   2.1949148e-01   4.1256018e-01   1.0000000e+00   1.3795768e+00   1.3336865e-02   3.2789200e-03
   2.2202624e-01   4.2565395e-01   1.0000000e+00   1.1458056e+00   1.4352147e-02   3.4478330e-03
   2.2794381e-01   4.3872937e-01   1.0000000e+00   9.4518390e-01   1.6248692e-02   3.7873935e-03
   2.3745894e-01   4.5190063e-01   1.0000000e+00   7.7037689e-01   1.8753998e-02   4.1462537e-03
   2.5091771e-01   4.6496103e-01   1.0000000e+00   6.2849481e-01   2.1933820e-02   4.1057167e-03
   2.6866027e-01   4.7785653e-01   1.0000000e+00   5.1523180e-01   2.5202644e-02   4.3869396e-03
   2.9059107e-01   4.9027479e-01   1.0000000e+00   4.2629442e-01   2.8973732e-02   4.5188137e-03
   3.1697178e-01   5.0225542e-01   1.0000000e+00   3.5005645e-01   3.2915869e-02   4.9702943e-03
   3.4789141e-01   5.1354395e-01   1.0000000e+00   2.7014892e-01   3.7133183e-02   3.8137064e-03
   3.8367782e-01   5.2345387e-01   1.0000000e+00   2.1366708e-01   4.0318380e-02   3.6081018e-03
   4.2307935e-01   5.3200318e-01   1.0000000e+00   1.6749595e-01   4.3409180e-02   3.2315257e-03
   4.6588104e-01   5.3924009e-01   1.0000000e+00   1.1269934e-01   4.5596567e-02   2.9239801e-03
   5.1118835e-01   5.4436792e-01   1.0000000e+00   5.9588966e-02   4.7235246e-02   2.5327439e-03
   5.5833975e-01   5.4718095e-01   1.0000000e+00   8.1864856e-03   4.7956054e-02   2.5987493e-03
   6.0629420e-01   5.4757354e-01   1.0000000e+00  -4.5989234e-02   4.8016176e-02   2.9984441e-03
   6.5425961e-01   5.4536609e-01   1.0000000e+00  -1.0679256e-01   4.7332851e-02   3.3670277e-03
   7.0132281e-01   5.4032090e-01   1.0000000e+00  -1.7167134e-01   4.5952104e-02   4.2218361e-03
   7.4659945e-01   5.3247093e-01   1.0000000e+00  -2.5478998e-01   4.4153354e-02   4.1271721e-03
   7.8932736e-01   5.2134242e-01   1.0000000e+00  -3.3682485e-01   4.2175013e-02   5.1976231e-03
   8.2913251e-01   5.0740392e-01   1.0000000e+00  -4.3687953e-01   3.9140460e-02   5.2912600e-03
   8.6459676e-01   4.9084304e-01   1.0000000e+00  -5.5402415e-01   3.6499561e-02   5.8945915e-03
   8.9563651e-01   4.7164012e-01   1.0000000e+00  -6.9901955e-01   3.3903776e-02   4.9324784e-03
   9.2158895e-01   4.4982414e-01   1.0000000e+00  -8.3282291e-01   3.1967268e-02   5.4524304e-03
   9.4309620e-01   4.2617368e-01   1.0000000e+00  -9.9097981e-01   2.9925837e-02   4.9986140e-03
   9.5949169e-01   4.0113883e-01   1.0000000e+00  -1.1538438e+00   2.8815972e-02   5.7931760e-03
   9.7116146e-01   3.7479160e-01   1.0000000e+00  -1.3544322e+00   2.8427666e-02   5.3035116e-03
   9.7726431e-01   3.4702674e-01   1.0000000e+00  -1.5409407e+00   2.8554158e-02   8.4887375e-02
   9.7811669e-01   3.1848531e-01   1.0000000e+00   1.4317862e+00   2.9342435e-02   5.2426954e-03
   9.7405091e-01   2.8942592e-01   1.0000000e+00   1.2546624e+00   3.0031290e-02   5.1116988e-03
   9.6471435e-01   2.6088284e-01   1.0000000e+00   1.0932943e+00   3.1657586e-02   4.2155247e-03
   9.5016573e-01   2.3276630e-01   1.0000000e+00   9.7200571e-01   3.3397510e-02   4.4822254e-03
   9.3134142e-01   2.0517936e-01   1.0000000e+00   8.5272862e-01   3.5452166e-02   4.4974363e-03
   9.0801635e-01   1.7848110e-01   1.0000000e+00   7.4325727e-01   3.7724786e-02   4.3803165e-03
   8.8024079e-01   1.5295312e-01   1.0000000e+00   6.4641891e-01   4.0141654e-02   3.3277068e-03
   8.4819788e-01   1.2877453e-01   1.0000000e+00   5.6990826e-01   4.1422658e-02   2.7674627e-03
   8.1332205e-01   1.0642474e-01   1.0000000e+00   5.0383517e-01   4.1832661e-02   2.7389507e-03
