   2.4570194e-03   7.7845525e-01   1.0000000e+00  -1.3787199e+00   8.5805851e-03   2.4049407e-02
   8.1900646e-04   7.8687803e-01   1.0000000e+00   1.3855569e+00   1.2552700e-02   4.5792654e-03
   3.1309860e-03   7.9921599e-01   1.0000000e+00   1.0553959e+00   1.4500395e-02   2.8327184e-03
   1.0277989e-02   8.1183271e-01   1.0000000e+00   9.4238866e-01   1.6811049e-02   5.9159083e-03
   2.0160488e-02   8.2543226e-01   1.0000000e+00   7.3954158e-01   2.1645238e-02   1.8927780e-03
   3.6151505e-02   8.4002005e-01   1.0000000e+00   7.6161007e-01   1.9813727e-02   3.5172691e-03
   5.0491211e-02   8.5369326e-01   1.0000000e+00   6.6898377e-01   2.2814220e-02   3.5007807e-03
   6.8387879e-02   8.6784239e-01   1.0000000e+00   5.8368321e-01   2.5724253e-02   4.1654413e-03
   8.9853186e-02   8.8201905e-01   1.0000000e+00   4.9170685e-01   2.9152494e-02   3.6714493e-03
   1.1555193e-01   8.9578285e-01   1.0000000e+00   4.2240685e-01   3.2218119e-02   3.9570364e-03
   1.4493824e-01   9.0899090e-01   1.0000000e+00   3.7061747e-01   3.5806163e-02   3.6668735e-03
   1.7831330e-01   9.2195957e-01   1.0000000e+00   3.3018468e-01   3.9175139e-02   3.5824349e-03
   2.1537230e-01   9.3466084e-01   1.0000000e+00   2.8376869e-01   4.2261793e-02   3.1805571e-03
   2.5594392e-01   9.4649311e-01   1.0000000e+00   2.4338791e-01   4.4945742e-02   2.4427652e-03
   2.9956498e-01   9.5732468e-01   1.0000000e+00   2.0129681e-01   4.6491101e-02   2.0018126e-03
   3.4511734e-01   9.6662012e-01   1.0000000e+00   1.6573816e-01   4.7619956e-02   1.4880976e-03
   3.9208475e-01   9.7447648e-01   1.0000000e+00   1.3527934e-01   4.7952577e-02   1.8788713e-03
   4.3959922e-01   9.8094370e-01   1.0000000e+00   9.6113292e-02   4.7899198e-02   1.8898047e-03
   4.8727734e-01   9.8554037e-01   1.0000000e+00   5.9119961e-02   4.7242272e-02   2.4590607e-03
   5.3443708e-01   9.8833170e-01   1.0000000e+00   2.0521096e-02   4.5592473e-02   3.1829412e-03
   5.8001995e-01   9.8926724e-01   1.0000000e+00  -2.9911181e-02   4.3391522e-02   3.4634658e-03
   6.2339207e-01   9.8796954e-01   1.0000000e+00  -9.0881268e-02   4.1156243e-02   3.4897933e-03
   6.6437846e-01   9.8423436e-01   1.0000000e+00  -1.6537195e-01   3.9488971e-02   3.5819326e-03
   7.0332869e-01   9.7773372e-01   1.0000000e+00  -2.4302441e-01   3.7637665e-02   3.7776218e-03
   7.3986036e-01   9.6867662e-01   1.0000000e+00  -3.3207972e-01   3.5895357e-02   3.9306697e-03
   7.7379463e-01   9.5697438e-01   1.0000000e+00  -4.3160671e-01   3.4256150e-02   4.0858477e-03
   8.0490931e-01   9.4264398e-01   1.0000000e+00  -5.4915554e-01   3.3563855e-02   3.8606988e-03
   8.3353812e-01   9.2512475e-01   1.0000000e+00  -6.6378518e-01   3.3883875e-02   3.5006161e-03
   8.6022729e-01   9.0424880e-01   1.0000000e+00  -7.6709732e-01   3.3882478e-02   3.5347689e-03
   8.8462025e-01   8.8073272e-01   1.0000000e+00  -8.7064107e-01   3.4314092e-02   3.6712343e-03
   9.0673007e-01   8.5449129e-01   1.0000000e+00  -9.7674727e-01   3.4784765e-02   3.3766510e-03
   9.2619983e-01   8.2566581e-01   1.0000000e+00  -1.0704696e+00   3.5664233e-02   3.9028065e-03
   9.4330840e-01   7.9437309e-01   1.0000000e+00  -1.1780789e+00   3.6373562e-02   4.9675824e-03
   9.5722857e-01   7.6076855e-01   1.0000000e+00  -1.3135643e+00   3.6998745e-02   5.0557890e-03
   9.6664122e-01   7.2498715e-01   1.0000000e+00  -1.4454182e+00   3.8326117e-02   1.1554882e-01
   9.7143390e-01   6.8696187e-01   1.0000000e+00   1.5690885e+00   4.0155672e-02   5.1316073e-03
   9.7136532e-01   6.4680626e-01   1.0000000e+00   1.4463595e+00   4.1585917e-02   5.1199200e-03
   9.6620385e-01   6.0554189e-01   1.0000000e+00   1.3280261e+00   4.2999169e-02   5.0884936e-03
   9.5586717e-01   5.6380364e-01   1.0000000e+00   1.2121091e+00   4.4023466e-02   4.9294142e-03
   9.4041294e-01   5.2258190e-01   1.0000000e+00   1.1039131e+00   4.5292873e-02   4.8930869e-03
   9.2002637e-01   4.8213647e-01   1.0000000e+00   9.9832031e-01   4.6326819e-02   4.7749002e-03
   8.9493044e-01   4.4319590e-01   1.0000000e+00   8.9785947e-01   4.7394371e-02   4.6362954e-03
   8.6539023e-01   4.0613376e-01   1.0000000e+00   8.0136934e-01   4.8157322e-02   4.6531110e-03
   8.3188604e-01   3.7154190e-01   1.0000000e+00   7.0632170e-01   4.8994171e-02   4.3173611e-03
   7.9461351e-01   3.3974273e-01   1.0000000e+00   6.1822116e-01   4.8903691e-02   4.0668444e-03
   7.5476136e-01   3.1139881e-01   1.0000000e+00   5.3588212e-01   4.8333563e-02   4.5093428e-03
   7.1320327e-01   2.8671971e-01   1.0000000e+00   4.4488217e-01   4.7339241e-02   3.7765094e-03
   6.7047196e-01   2.6634719e-01   1.0000000e+00   3.6923154e-01   4.6140609e-02   3.7073536e-03
   6.2744100e-01   2.4969510e-01   1.0000000e+00   2.9330797e-01   4.4927208e-02   3.6350777e-03
   5.8443251e-01   2.3670572e-01   1.0000000e+00   2.1689053e-01   4.3732731e-02   3.7886469e-03
   5.4172438e-01   2.2729470e-01   1.0000000e+00   1.4443657e-01   4.1655772e-02   3.9200231e-03
   5.0050237e-01   2.2129898e-01   1.0000000e+00   7.2830044e-02   3.9112283e-02   4.1687653e-03
   4.6149377e-01   2.1845295e-01   1.0000000e+00  -4.2695835e-03   3.6233897e-02   4.2271479e-03
   4.2526020e-01   2.1860765e-01   1.0000000e+00  -9.2211270e-02   3.3456274e-02   4.3599361e-03
   3.9194607e-01   2.2168833e-01   1.0000000e+00  -2.0037480e-01   3.1024464e-02   5.3149004e-03
   3.6154234e-01   2.2786333e-01   1.0000000e+00  -3.5631578e-01   2.8823994e-02   4.5892794e-03
   3.3452883e-01   2.3791783e-01   1.0000000e+00  -4.9404318e-01   2.6521442e-02   4.8724529e-03
   3.1117874e-01   2.5049402e-01   1.0000000e+00  -6.5790856e-01   2.4318365e-02   4.2858368e-03
   2.9193628e-01   2.6536380e-01   1.0000000e+00  -8.2340564e-01   2.2844987e-02   3.5966362e-03
   2.7640792e-01   2.8211980e-01   1.0000000e+00  -9.7861100e-01   2.2241617e-02   5.1298042e-03
   2.6399320e-01   3.0057418e-01   1.0000000e+00  -1.2056063e+00   2.1333273e-02   4.0392553e-03
   2.5637451e-01   3.2050065e-01   1.0000000e+00  -1.3946063e+00   2.1091102e-02   3.2193854e-03
   2.5267767e-01   3.4126523e-01   1.0000000e+00  -1.5471779e+00   2.0993414e-02   6.3108567e-02
   2.5218188e-01   3.6225279e-01   1.0000000e+00   1.4589340e+00   2.0948288e-02   3.2106048e-03
   2.5452032e-01   3.8307015e-01   1.0000000e+00   1.3059448e+00   2.0756342e-02   3.5586673e-03
   2.5995363e-01   4.0310275e-01   1.0000000e+00   1.1344980e+00   2.0735841e-02   4.0706833e-03
   2.6871634e-01   4.2189610e-01   1.0000000e+00   9.4213946e-01   1.9923060e-02   2.7584298e-03
   2.8043227e-01   4.3801023e-01   1.0000000e+00   8.0569670e-01   2.0391535e-02   2.7812794e-03
   2.9455563e-01   4.5271892e-01   1.0000000e+00   6.7221310e-01   2.0963009e-02   2.5479912e-03
   3.1095804e-01   4.6577298e-01   1.0000000e+00   5.5561017e-01   2.1682328e-02   2.4359861e-03
   3.2937888e-01   4.7720958e-01   1.0000000e+00   4.5536707e-01   2.2782287e-02   2.0767035e-03
   3.4983965e-01   4.8722905e-01   1.0000000e+00   3.6979891e-01   2.2066475e-02   1.6928925e-03
   3.7041443e-01   4.9520449e-01   1.0000000e+00   2.9705250e-01   2.1528855e-02   1.4892681e-03
   3.9100039e-01   5.0150605e-01   1.0000000e+00   2.2991037e-01   2.1887280e-02   1.3390080e-03
   4.1231175e-01   5.0649395e-01   1.0000000e+00   1.7390065e-01   2.2425900e-02   7.6502108e-04
   4.3439941e-01   5.1037420e-01   1.0000000e+00   1.3978737e-01   2.2425504e-02   7.5994187e-04
   4.5660617e-01   5.1349881e-01   1.0000000e+00   1.0621515e-01   2.2528909e-02   1.5170423e-03
   4.7900811e-01   5.1588722e-01   1.0000000e+00   4.6684137e-02   2.3237911e-02   1.7657225e-03
   5.0222071e-01   5.1697167e-01   1.0000000e+00  -2.2383856e-02   2.3973957e-02   1.8400515e-03
   5.2618866e-01   5.1643508e-01   1.0000000e+00  -9.5722259e-02   2.4516618e-02   1.6893488e-03
   5.5059304e-01   5.1409188e-01   1.0000000e+00  -1.5999948e-01   2.5125358e-02   1.9810036e-03
   5.7539748e-01   5.1008896e-01   1.0000000e+00  -2.3578452e-01   2.5671873e-02   1.8150434e-03
   6.0035905e-01   5.0409186e-01   1.0000000e+00  -3.0234438e-01   2.6283977e-02   1.8787779e-03
   6.2545081e-01   4.9626557e-01   1.0000000e+00  -3.7186249e-01   2.6721128e-02   2.0364046e-03
   6.5034561e-01   4.8655642e-01   1.0000000e+00  -4.4681078e-01   2.6352178e-02   2.2364619e-03
   6.7411079e-01   4.7516986e-01   1.0000000e+00  -5.3104815e-01   2.6080001e-02   2.2851090e-03
   6.9659897e-01   4.6196197e-01   1.0000000e+00  -6.1773968e-01   2.5748361e-02   2.7279634e-03
   7.1758877e-01   4.4704868e-01   1.0000000e+00  -7.2347932e-01   2.5577738e-02   2.7136560e-03
   7.3675946e-01   4.3011630e-01   1.0000000e+00  -8.2408896e-01   2.4716511e-02   3.0039563e-03
   7.5354755e-01   4.1197613e-01   1.0000000e+00  -9.3414401e-01   2.3441995e-02   2.7941779e-03
   7.6748398e-01   3.9312665e-01   1.0000000e+00  -1.0435484e+00   2.2332959e-02   2.5250035e-03
   7.7872096e-01   3.7382662e-01   1.0000000e+00  -1.1537938e+00   2.1772886e-02   2.2398694e-03
   7.8753945e-01   3.5391951e-01   1.0000000e+00  -1.2535626e+00   2.1226699e-02   2.8687171e-03
   7.9416090e-01   3.3375198e-01   1.0000000e+00  -1.3881393e+00   2.0963518e-02   2.8313562e-03
   7.9796878e-01   3.1313720e-01   1.0000000e+00  -1.5227683e+00   2.0737194e-02   6.1944381e-02
   7.9896436e-01   2.9242392e-01   1.0000000e+00   1.4641411e+00   2.1463808e-02   2.8402188e-03
   7.9667947e-01   2.7108208e-01   1.0000000e+00   1.3387009e+00   2.2368067e-02   3.2633244e-03
   7.9153443e-01   2.4931378e-01   1.0000000e+00   1.2052065e+00   2.3684512e-02   3.5340892e-03
   7.8306721e-01   2.2719450e-01   1.0000000e+00   1.0694924e+00   2.5153499e-02   3.4442151e-03
