   0.0000000e+00   8.3592906e-01   1.0000000e+00   8.0342263e-01   2.6029824e-02   7.4543695e-03
   1.8071138e-02   8.5466367e-01   1.0000000e+00   5.6006410e-01   2.9959293e-02   7.1161676e-03
   4.3453281e-02   8.7057926e-01   1.0000000e+00   4.7434269e-01   3.6595891e-02   2.0311325e-03
   7.6008735e-02   8.8729457e-01   1.0000000e+00   4.2760749e-01   3.7691481e-02   3.3582677e-03
   1.1030649e-01   9.0292504e-01   1.0000000e+00   3.6154198e-01   3.9944774e-02   2.2864502e-03
   1.4766894e-01   9.1705418e-01   1.0000000e+00   3.9025165e-01   3.7966719e-02   3.0169757e-03
   1.8278107e-01   9.3149752e-01   1.0000000e+00   3.2565213e-01   3.9723631e-02   2.5570533e-03
   2.2041692e-01   9.4420617e-01   1.0000000e+00   2.8464553e-01   4.1694698e-02   2.0541228e-03
   2.6043387e-01   9.5591476e-01   1.0000000e+00   2.4518964e-01   4.2924764e-02   1.8738559e-03
   3.0207481e-01   9.6633433e-01   1.0000000e+00   2.0173592e-01   4.2745284e-02   2.4466920e-03
   3.4395323e-01   9.7489922e-01   1.0000000e+00   1.4450996e-01   4.2693301e-02   2.5593609e-03
   3.8620152e-01   9.8104738e-01   1.0000000e+00   8.5256586e-02   4.3081674e-02   2.6607036e-03
   4.2912672e-01   9.8471593e-01   1.0000000e+00   2.4070602e-02   4.3443442e-02   2.6587360e-03
   4.7255757e-01   9.8576154e-01   1.0000000e+00  -3.7119956e-02   4.3396894e-02   2.8763038e-03
   5.1592457e-01   9.8415101e-01   1.0000000e+00  -1.0313738e-01   4.3141591e-02   3.0835201e-03
   5.5883691e-01   9.7970939e-01   1.0000000e+00  -1.7319135e-01   4.2529904e-02   3.3158043e-03
   6.0073056e-01   9.7238035e-01   1.0000000e+00  -2.5047355e-01   4.2092326e-02   2.8596683e-03
   6.4150940e-01   9.6194722e-01   1.0000000e+00  -3.1837167e-01   4.1994364e-02   2.9890462e-03
   6.8139340e-01   9.4880213e-01   1.0000000e+00  -3.8949300e-01   4.2112906e-02   3.4044233e-03
   7.2035212e-01   9.3281104e-01   1.0000000e+00  -4.7032310e-01   4.2058634e-02   3.1562337e-03
   7.5784411e-01   9.1375115e-01   1.0000000e+00  -5.4532513e-01   4.2163746e-02   3.0774982e-03
   7.9389237e-01   8.9188098e-01   1.0000000e+00  -6.1675714e-01   4.1531443e-02   3.2610562e-03
   8.2777199e-01   8.6785949e-01   1.0000000e+00  -6.9265304e-01   4.0695400e-02   3.4869379e-03
   8.5908932e-01   8.4187218e-01   1.0000000e+00  -7.7354366e-01   3.9545493e-02   3.8799827e-03
   8.8738172e-01   8.1424273e-01   1.0000000e+00  -8.6592586e-01   3.8238715e-02   3.6270882e-03
   9.1215793e-01   7.8511648e-01   1.0000000e+00  -9.5627614e-01   3.7134368e-02   3.9793820e-03
   9.3356836e-01   7.5477583e-01   1.0000000e+00  -1.0587712e+00   3.5972826e-02   4.6520607e-03
   9.5119302e-01   7.2341638e-01   1.0000000e+00  -1.1804058e+00   3.4392854e-02   5.4872660e-03
   9.6428121e-01   6.9161122e-01   1.0000000e+00  -1.3340742e+00   3.2917103e-02   5.7570045e-03
   9.7200084e-01   6.5961212e-01   1.0000000e+00  -1.5074219e+00   3.2153241e-02   9.5632894e-02
   9.7403717e-01   6.2752342e-01   1.0000000e+00   1.4668348e+00   3.1738025e-02   5.2202979e-03
   9.7074358e-01   5.9595675e-01   1.0000000e+00   1.3026923e+00   3.2072727e-02   5.0834557e-03
   9.6224740e-01   5.6502983e-01   1.0000000e+00   1.1517725e+00   3.3625768e-02   5.0043903e-03
   9.4856612e-01   5.3431314e-01   1.0000000e+00   1.0142495e+00   3.5538783e-02   4.9222887e-03
   9.2979250e-01   5.0413772e-01   1.0000000e+00   8.9585477e-01   3.8093189e-02   4.3801036e-02
   9.0598990e-01   4.7439671e-01   1.0000000e+00   3.8571220e-01   7.7347373e-02   4.4429486e-03
   8.3432519e-01   4.4529715e-01   1.0000000e+00   3.2887237e-01   7.6706005e-02   4.4082224e-03
   7.6173007e-01   4.2052295e-01   1.0000000e+00   2.7385910e-01   7.5431130e-02   4.2681683e-03
   6.8910993e-01   4.0012270e-01   1.0000000e+00   2.2373610e-01   7.3450587e-02   4.6982185e-03
   6.1749008e-01   3.8382591e-01   1.0000000e+00   1.7359167e-01   7.0533781e-02   4.8113275e-03
   5.4801637e-01   3.7164323e-01   1.0000000e+00   1.2185093e-01   6.7398459e-02   4.8967941e-03
   4.8111764e-01   3.6345098e-01   1.0000000e+00   6.5964208e-02   6.4269446e-02   4.8634113e-03
   4.1698797e-01   3.5921457e-01   1.0000000e+00   7.8114703e-03   6.1157489e-02   5.9630397e-03
   3.5583235e-01   3.5873684e-01   1.0000000e+00  -6.1642405e-02   5.6972333e-02   6.1767724e-03
   2.9896822e-01   3.6224653e-01   1.0000000e+00  -1.3956709e-01   5.2677813e-02   6.8800650e-03
   2.4680263e-01   3.6957477e-01   1.0000000e+00  -2.3176169e-01   4.7804556e-02   8.3892746e-02
   2.0027621e-01   3.8055512e-01   1.0000000e+00   1.3812457e+00   1.4756422e-02   3.1078815e-03
   2.0305658e-01   3.9504724e-01   1.0000000e+00   1.1820731e+00   1.5766751e-02   3.7331135e-03
   2.0903230e-01   4.0963769e-01   1.0000000e+00   9.8933936e-01   1.7935143e-02   4.1760317e-03
   2.1888303e-01   4.2462543e-01   1.0000000e+00   8.2842610e-01   2.0953459e-02   4.3805221e-03
   2.3304833e-01   4.4006537e-01   1.0000000e+00   6.9203613e-01   2.4273356e-02   4.5552887e-03
   2.5173756e-01   4.5555435e-01   1.0000000e+00   5.8242942e-01   2.7970959e-02   4.8588026e-03
   2.7509691e-01   4.7093990e-01   1.0000000e+00   4.9089069e-01   3.2100388e-02   4.7632359e-03
   3.0340667e-01   4.8607240e-01   1.0000000e+00   4.0511956e-01   3.5987267e-02   4.0954061e-03
   3.3648096e-01   5.0025601e-01   1.0000000e+00   3.4177909e-01   3.9389686e-02   3.6707584e-03
   3.7359234e-01   5.1345801e-01   1.0000000e+00   2.8251531e-01   4.2222552e-02   3.1668466e-03
   4.1414108e-01   5.2522848e-01   1.0000000e+00   2.4005965e-01   4.4833213e-02   2.9616032e-03
   4.5768865e-01   5.3588805e-01   1.0000000e+00   1.8376953e-01   4.6383116e-02   2.6248569e-03
   5.0329076e-01   5.4436396e-01   1.0000000e+00   1.2726020e-01   4.6523899e-02   3.1086123e-03
   5.4943843e-01   5.5026863e-01   1.0000000e+00   6.5293655e-02   4.5361052e-02   3.7900203e-03
   5.9470283e-01   5.5322831e-01   1.0000000e+00  -1.0711003e-02   4.3786900e-02   3.9084487e-03
   6.3848721e-01   5.5275932e-01   1.0000000e+00  -7.7815864e-02   4.1209637e-02   4.0946066e-03
   6.7957215e-01   5.4955579e-01   1.0000000e+00  -1.5722198e-01   3.8748362e-02   5.0118115e-03
   7.1784259e-01   5.4348876e-01   1.0000000e+00  -2.5623706e-01   3.5523738e-02   4.6193163e-03
   7.5220649e-01   5.3448555e-01   1.0000000e+00  -3.5587480e-01   3.2555576e-02   4.6735459e-03
   7.8272221e-01   5.2314284e-01   1.0000000e+00  -4.7081690e-01   2.9755679e-02   4.3774929e-03
   8.0924041e-01   5.0964524e-01   1.0000000e+00  -5.9339046e-01   2.7334948e-02   4.4649484e-03
   8.3190243e-01   4.9436022e-01   1.0000000e+00  -7.4557384e-01   2.5712977e-02   3.5460277e-03
   8.5079373e-01   4.7691670e-01   1.0000000e+00  -8.7144280e-01   2.4263976e-02   2.9512448e-03
   8.6641301e-01   4.5834848e-01   1.0000000e+00  -9.8824223e-01   2.3440457e-02   2.7776853e-03
   8.7930898e-01   4.3877429e-01   1.0000000e+00  -1.1067415e+00   2.3433214e-02   2.6465885e-03
   8.8979716e-01   4.1781926e-01   1.0000000e+00  -1.2195876e+00   2.3324345e-02   3.4785820e-03
   8.9782151e-01   3.9591869e-01   1.0000000e+00  -1.3655818e+00   2.4034994e-02   3.5421813e-03
   9.0271929e-01   3.7238801e-01   1.0000000e+00  -1.5101540e+00   2.4722650e-02   7.4800199e-02
   9.0421761e-01   3.4771081e-01   1.0000000e+00   1.5151641e+00   2.5694962e-02   3.2580822e-03
   9.0278888e-01   3.2205560e-01   1.0000000e+00   1.3951067e+00   2.6743137e-02   3.0418238e-03
   8.9811452e-01   2.9572414e-01   1.0000000e+00   1.2873512e+00   2.7716988e-02   2.4015781e-03
   8.9036305e-01   2.6911312e-01   1.0000000e+00   1.2082707e+00   2.8698451e-02   3.1953292e-03
   8.8018553e-01   2.4227995e-01   1.0000000e+00   1.1011397e+00   2.9568864e-02   3.0957835e-03
   8.6680325e-01   2.1591269e-01   1.0000000e+00   1.0029723e+00   3.0645067e-02   3.1106646e-03
   8.5032237e-01   1.9007666e-01   1.0000000e+00   9.0691207e-01   3.1650272e-02   3.6465285e-03
   8.3082008e-01   1.6514875e-01   1.0000000e+00   7.9624846e-01   3.2664881e-02   4.0256134e-03
   8.0797449e-01   1.4180194e-01   1.0000000e+00   6.8456706e-01   3.4367004e-02   3.5362512e-03
   7.8135062e-01   1.2007039e-01   1.0000000e+00   5.8763161e-01   3.5553162e-02   3.2938618e-03
   7.5176128e-01   1.0036002e-01   1.0000000e+00   5.0436352e-01   3.6997219e-02   3.1205993e-03
   7.1937088e-01   8.2481106e-02   1.0000000e+00   4.2704319e-01   3.8244172e-02   3.0693542e-03
   6.8456125e-01   6.6641083e-02   1.0000000e+00   3.5370028e-01   3.9490468e-02   2.6720405e-03
   6.4751534e-01   5.2962715e-02   1.0000000e+00   2.9301671e-01   4.0672399e-02   2.8414100e-03
   6.0857652e-01   4.1214832e-02   1.0000000e+00   2.3130883e-01   4.2004494e-02   1.7108309e-03
   5.6769073e-01   3.1585230e-02   1.0000000e+00   1.9069700e-01   4.1874429e-02   1.7687879e-03
   5.2657538e-01   2.3648212e-02   1.0000000e+00   1.5007529e-01   4.1389483e-02   1.8479975e-03
   4.8565113e-01   1.7459964e-02   1.0000000e+00   1.1192788e-01   4.0429189e-02   2.2519852e-03
   4.4547492e-01   1.2944254e-02   1.0000000e+00   8.0203201e-02   3.8578144e-02   3.1432707e-03
   4.0702078e-01   9.8534790e-03   1.0000000e+00   4.7853737e-02   3.5693237e-02   4.1509082e-03
   3.7136841e-01   8.1460760e-03   1.0000000e+00   6.9629299e-03   3.1807388e-02   4.4581841e-03
   3.3956179e-01   7.9246052e-03   1.0000000e+00  -2.5531689e-02   2.7470668e-02   4.7651869e-03
   3.1210008e-01   8.6259016e-03   1.0000000e+00  -2.3843344e-02   3.2235629e-02   7.8722942e-03
   2.7987361e-01   9.3944339e-03   1.0000000e+00  -1.0544119e-01   2.4815775e-02   7.7254110e-03
   2.5519566e-01   1.2006193e-02   1.0000000e+00  -2.4359302e-01   1.7892739e-02   8.8676502e-03
