   0.0000000e+00   7.8704594e-01   1.0000000e+00   1.5707963e+00   1.3908558e-02   3.9794450e-03
   0.0000000e+00   8.0095450e-01   1.0000000e+00   1.2874219e+00   1.4458014e-02   8.5138815e-03
   4.0424187e-03   8.1483589e-01   1.0000000e+00   8.4056495e-01   2.0002922e-02   5.4884163e-03
   1.7385208e-02   8.2973847e-01   1.0000000e+00   6.5972993e-01   2.4130678e-02   5.1271904e-03
   3.6452251e-02   8.4452825e-01   1.0000000e+00   5.5874330e-01   2.8641744e-02   3.5713555e-03
   6.0738215e-02   8.5971184e-01   1.0000000e+00   6.1669235e-01   2.5479502e-02   4.5243560e-03
   8.1524288e-02   8.7444765e-01   1.0000000e+00   5.2509800e-01   2.9355490e-02   4.9059437e-03
   1.0692485e-01   8.8916350e-01   1.0000000e+00   4.4694091e-01   3.3691881e-02   4.5969098e-03
   1.3730730e-01   9.0372543e-01   1.0000000e+00   3.9070676e-01   3.7880191e-02   4.1789178e-03
   1.7233284e-01   9.1815180e-01   1.0000000e+00   3.3600250e-01   4.1509145e-02   2.7351468e-03
   2.1152081e-01   9.3183802e-01   1.0000000e+00   2.9722582e-01   4.3720538e-02   2.9848513e-03
   2.5332431e-01   9.4464240e-01   1.0000000e+00   2.4999628e-01   4.5875885e-02   2.3723133e-03
   2.9777407e-01   9.5599211e-01   1.0000000e+00   2.1487826e-01   4.7617242e-02   2.2792417e-03
   3.4429623e-01   9.6614546e-01   1.0000000e+00   1.7245993e-01   4.8673259e-02   2.3554901e-03
   3.9224745e-01   9.7449810e-01   1.0000000e+00   1.2627394e-01   4.9376628e-02   2.4045834e-03
   4.4123094e-01   9.8071652e-01   1.0000000e+00   7.7585272e-02   4.9425724e-02   2.4071856e-03
   4.9050798e-01   9.8454738e-01   1.0000000e+00   3.0441378e-02   4.8821507e-02   3.2009692e-03
   5.3930687e-01   9.8603335e-01   1.0000000e+00  -2.7369045e-02   4.7311438e-02   3.2440558e-03
   5.8660059e-01   9.8473864e-01   1.0000000e+00  -8.1117897e-02   4.5297145e-02   3.7213748e-03
   6.3174879e-01   9.8106826e-01   1.0000000e+00  -1.5006940e-01   4.3273883e-02   3.8779518e-03
   6.7453630e-01   9.7459852e-01   1.0000000e+00  -2.1839491e-01   4.0764626e-02   3.1963794e-03
   7.1433262e-01   9.6576634e-01   1.0000000e+00  -2.8972096e-01   3.9436912e-02   3.2725124e-03
   7.5212595e-01   9.5449981e-01   1.0000000e+00  -3.5808059e-01   3.7581784e-02   3.2545364e-03
   7.8732397e-01   9.4132825e-01   1.0000000e+00  -4.3732343e-01   3.6269152e-02   3.2802343e-03
   8.2017977e-01   9.2596768e-01   1.0000000e+00  -5.1764257e-01   3.4761258e-02   3.3137033e-03
   8.5038690e-01   9.0876666e-01   1.0000000e+00  -5.9897026e-01   3.3032558e-02   3.1523929e-03
   8.7766903e-01   8.9014316e-01   1.0000000e+00  -6.8105763e-01   3.1424751e-02   3.3622623e-03
   9.0208315e-01   8.7035766e-01   1.0000000e+00  -7.7609302e-01   2.9880133e-02   3.3016889e-03
   9.2340728e-01   8.4942673e-01   1.0000000e+00  -8.7531495e-01   2.8427094e-02   3.1884165e-03
   9.4162209e-01   8.2760196e-01   1.0000000e+00  -9.8555327e-01   2.7839235e-02   2.8410251e-03
   9.5700054e-01   8.0439579e-01   1.0000000e+00  -1.0869776e+00   2.7524850e-02   4.1253869e-03
   9.6980408e-01   7.8003011e-01   1.0000000e+00  -1.2364035e+00   2.7204435e-02   4.4735509e-03
   9.7873246e-01   7.5433253e-01   1.0000000e+00  -1.4008345e+00   2.7256209e-02   4.5669290e-03
   9.8334270e-01   7.2746905e-01   1.0000000e+00  -1.5648035e+00   2.8196068e-02   8.4271155e-02
   9.8351167e-01   6.9927349e-01   1.0000000e+00   1.4234131e+00   2.9796472e-02   4.9376138e-03
   9.7913606e-01   6.6980005e-01   1.0000000e+00   1.2866700e+00   3.2585519e-02   4.7199689e-03
   9.7000172e-01   6.3852098e-01   1.0000000e+00   1.1760016e+00   3.5630763e-02   4.3675405e-03
   9.5629746e-01   6.0563110e-01   1.0000000e+00   1.0891403e+00   3.8712452e-02   3.2536125e-03
   9.3836402e-01   5.7132300e-01   1.0000000e+00   1.0290761e+00   4.0988253e-02   3.9334738e-03
   9.1723004e-01   5.3620332e-01   1.0000000e+00   9.5174302e-01   4.3317401e-02   3.7599756e-03
   8.9209449e-01   5.0092441e-01   1.0000000e+00   8.7790733e-01   4.5294227e-02   4.0611923e-03
   8.6316223e-01   4.6607486e-01   1.0000000e+00   7.9817215e-01   4.7151655e-02   2.9689887e-03
   8.3024958e-01   4.3231044e-01   1.0000000e+00   7.3883894e-01   4.8145635e-02   3.0131682e-03
   7.9465788e-01   3.9988772e-01   1.0000000e+00   6.7683530e-01   4.8555193e-02   2.9241572e-03
   7.5680625e-01   3.6947619e-01   1.0000000e+00   6.1661322e-01   4.8574274e-02   3.1928003e-03
   7.1717734e-01   3.4138688e-01   1.0000000e+00   5.5277574e-01   4.7813587e-02   3.7723457e-03
   6.7648461e-01   3.1628228e-01   1.0000000e+00   4.8684018e-01   4.5741967e-02   3.7304859e-03
   6.3605715e-01   2.9488256e-01   1.0000000e+00   4.1544223e-01   4.3939044e-02   3.7180356e-03
   5.9585565e-01   2.7714900e-01   1.0000000e+00   3.4617656e-01   4.1803371e-02   3.2145553e-03
   5.5653218e-01   2.6296497e-01   1.0000000e+00   2.7953339e-01   4.0199602e-02   3.2837585e-03
   5.1789296e-01   2.5187361e-01   1.0000000e+00   2.2747476e-01   3.7669083e-02   3.4725433e-03
   4.8119427e-01   2.4337855e-01   1.0000000e+00   1.6288123e-01   3.5191545e-02   3.3174621e-03
   4.4646851e-01   2.3767182e-01   1.0000000e+00   9.8743259e-02   3.2760292e-02   3.1975930e-03
   4.1386780e-01   2.3444221e-01   1.0000000e+00   2.7795364e-02   3.0564307e-02   2.9578561e-03
   3.8331530e-01   2.3359278e-01   1.0000000e+00  -3.5614863e-02   2.8329867e-02   3.6368076e-03
   3.5500340e-01   2.3460153e-01   1.0000000e+00  -1.2055081e-01   2.5602880e-02   3.1428486e-03
   3.2958633e-01   2.3768051e-01   1.0000000e+00  -2.0499558e-01   2.3321844e-02   2.8296849e-03
   3.0675280e-01   2.4242797e-01   1.0000000e+00  -2.9304570e-01   2.1374977e-02   3.3889908e-03
   2.8628907e-01   2.4860254e-01   1.0000000e+00  -4.0787385e-01   1.9038112e-02   3.0738748e-03
   2.6881273e-01   2.5615417e-01   1.0000000e+00  -5.4337609e-01   1.7366640e-02   2.8843656e-03
   2.5394744e-01   2.6513323e-01   1.0000000e+00  -6.9592316e-01   1.6225962e-02   2.4953640e-03
   2.4149463e-01   2.7553560e-01   1.0000000e+00  -8.4587522e-01   1.5672080e-02   2.8385280e-03
   2.3110284e-01   2.8726696e-01   1.0000000e+00  -1.0228858e+00   1.5070852e-02   3.3794592e-03
   2.2325236e-01   3.0013166e-01   1.0000000e+00  -1.2447916e+00   1.4584702e-02   4.1016290e-03
   2.1858145e-01   3.1394818e-01   1.0000000e+00  -1.5259872e+00   1.4647077e-02   4.2135201e-02
   2.1792535e-01   3.2858055e-01   1.0000000e+00   1.3502245e+00   1.5420790e-02   3.9869055e-03
   2.2129923e-01   3.4362774e-01   1.0000000e+00   1.1164862e+00   1.7124755e-02   4.4091474e-03
   2.2881430e-01   3.5901543e-01   1.0000000e+00   9.1078546e-01   1.9776557e-02   4.7233435e-03
   2.4093981e-01   3.7463862e-01   1.0000000e+00   7.4479793e-01   2.3172746e-02   4.4660100e-03
   2.5797699e-01   3.9034565e-01   1.0000000e+00   6.2580779e-01   2.6685920e-02   4.0330182e-03
   2.7960567e-01   4.0597698e-01   1.0000000e+00   5.2337272e-01   2.9651187e-02   4.1572886e-03
   3.0528770e-01   4.2079677e-01   1.0000000e+00   4.3618654e-01   3.2906939e-02   4.4924901e-03
   3.3511354e-01   4.3469950e-01   1.0000000e+00   3.5141878e-01   3.6428509e-02   3.4052974e-03
   3.6931573e-01   4.4723929e-01   1.0000000e+00   2.8675347e-01   3.8887556e-02   2.6949988e-03
   4.0661540e-01   4.5823824e-01   1.0000000e+00   2.2939979e-01   4.0400362e-02   2.8078856e-03
   4.4595739e-01   4.6742500e-01   1.0000000e+00   1.6436541e-01   4.1390778e-02   2.0248040e-03
   4.8679032e-01   4.7419762e-01   1.0000000e+00   1.1575228e-01   4.1164630e-02   2.7077027e-03
   5.2767949e-01   4.7895189e-01   1.0000000e+00   5.2608240e-02   4.0406152e-02   3.2396962e-03
   5.6802974e-01   4.8107660e-01   1.0000000e+00  -2.0486267e-02   3.9074739e-02   3.6893897e-03
   6.0709628e-01   4.8027616e-01   1.0000000e+00  -1.0048101e-01   3.7114858e-02   3.8088449e-03
   6.4402393e-01   4.7655310e-01   1.0000000e+00  -1.8894928e-01   3.5184570e-02   3.0721984e-03
   6.7858229e-01   4.6994448e-01   1.0000000e+00  -2.6660136e-01   3.3779675e-02   3.6767720e-03
   7.1116859e-01   4.6104508e-01   1.0000000e+00  -3.5962213e-01   3.1870444e-02   3.7943092e-03
   7.4100028e-01   4.4982922e-01   1.0000000e+00  -4.6312462e-01   2.9995462e-02   3.6704102e-03
   7.6783605e-01   4.3642887e-01   1.0000000e+00  -5.7541709e-01   2.8537140e-02   3.3991250e-03
   7.9177772e-01   4.2089939e-01   1.0000000e+00  -6.8965434e-01   2.7574632e-02   3.2125862e-03
   8.1305061e-01   4.0335447e-01   1.0000000e+00  -8.0107390e-01   2.6635826e-02   2.8497287e-03
   8.3158744e-01   3.8422718e-01   1.0000000e+00  -9.0669859e-01   2.6182252e-02   2.6792602e-03
   8.4772484e-01   3.6360936e-01   1.0000000e+00  -1.0076057e+00   2.5736829e-02   3.0648924e-03
   8.6146539e-01   3.4184743e-01   1.0000000e+00  -1.1232803e+00   2.5008504e-02   3.1032638e-03
   8.7228726e-01   3.1930164e-01   1.0000000e+00  -1.2444465e+00   2.4339010e-02   3.8934483e-03
   8.8009005e-01   2.9624727e-01   1.0000000e+00  -1.4032258e+00   2.3865365e-02   3.8056351e-03
   8.8407049e-01   2.7271619e-01   1.0000000e+00  -1.5626682e+00   2.3804629e-02   7.1526454e-02
   8.8426397e-01   2.4891235e-01   1.0000000e+00   1.4420601e+00   2.3847914e-02   3.5059718e-03
   8.8120236e-01   2.2526178e-01   1.0000000e+00   1.2950722e+00   2.3913736e-02   3.2213018e-03
   8.7469199e-01   2.0225131e-01   1.0000000e+00   1.1609734e+00   2.4219009e-02   3.2934438e-03
   8.6504200e-01   1.8003784e-01   1.0000000e+00   1.0261016e+00   2.4639717e-02   4.0587217e-03
   8.5227476e-01   1.5896385e-01   1.0000000e+00   8.6668409e-01   2.5661493e-02   3.5561771e-03
   8.3566260e-01   1.3940500e-01   1.0000000e+00   7.3921929e-01   2.7056974e-02   4.0604863e-03
