   0.0000000e+00   8.8707578e-01   1.0000000e+00   7.2797845e-01   2.2319988e-02   8.8014898e-03
   1.6662339e-02   9.0192665e-01   1.0000000e+00   4.7068557e-01   2.8989828e-02   5.3566460e-03
   4.2499744e-02   9.1507346e-01   1.0000000e+00   3.7479357e-01   3.3568677e-02   4.6681000e-03
   7.3738191e-02   9.2736230e-01   1.0000000e+00   3.1405240e-01   3.7767919e-02   6.6477755e-03
   1.0965886e-01   9.3902939e-01   1.0000000e+00   2.3786406e-01   4.3760669e-02   3.0877235e-03
   1.5218738e-01   9.4934060e-01   1.0000000e+00   2.5459588e-01   4.0761015e-02   4.2902162e-03
   1.9163447e-01   9.5960644e-01   1.0000000e+00   1.9978888e-01   4.4423698e-02   3.6778266e-03
   2.3517452e-01   9.6842287e-01   1.0000000e+00   1.5765987e-01   4.7589736e-02   3.5477972e-03
   2.8217402e-01   9.7589482e-01   1.0000000e+00   1.1272607e-01   5.0420666e-02   3.3349523e-03
   3.3227467e-01   9.8156651e-01   1.0000000e+00   6.5756186e-02   5.2768704e-02   3.2157090e-03
   3.8492933e-01   9.8503388e-01   1.0000000e+00   1.9359188e-02   5.4853546e-02   2.5679512e-03
   4.3977260e-01   9.8609574e-01   1.0000000e+00  -2.2626393e-02   5.5989459e-02   2.9913530e-03
   4.9574773e-01   9.8482900e-01   1.0000000e+00  -7.4421983e-02   5.6723047e-02   3.2802215e-03
   5.5231376e-01   9.8061146e-01   1.0000000e+00  -1.3063416e-01   5.5952881e-02   3.7736703e-03
   6.0778990e-01   9.7332287e-01   1.0000000e+00  -1.9031865e-01   5.4195554e-02   4.1207694e-03
   6.6100690e-01   9.6307060e-01   1.0000000e+00  -2.5450409e-01   5.1986409e-02   3.8504684e-03
   7.1131873e-01   9.4998222e-01   1.0000000e+00  -3.1653445e-01   4.9882321e-02   4.5595866e-03
   7.5872289e-01   9.3445510e-01   1.0000000e+00  -3.9265728e-01   4.7358191e-02   5.1294674e-03
   8.0247691e-01   9.1633373e-01   1.0000000e+00  -4.8278945e-01   4.4513658e-02   5.5717814e-03
   8.4190281e-01   8.9566819e-01   1.0000000e+00  -5.8523223e-01   4.1312063e-02   5.7003193e-03
   8.7633988e-01   8.7284770e-01   1.0000000e+00  -6.9961214e-01   3.8123731e-02   5.5494084e-03
   9.0550804e-01   8.4829903e-01   1.0000000e+00  -8.2599427e-01   3.5370317e-02   4.8639822e-03
   9.2948297e-01   8.2229399e-01   1.0000000e+00  -9.5348475e-01   3.3547181e-02   4.6507780e-03
   9.4890159e-01   7.9493836e-01   1.0000000e+00  -1.0822008e+00   3.1819732e-02   4.4001676e-03
   9.6383733e-01   7.6684176e-01   1.0000000e+00  -1.2171629e+00   3.0861021e-02   4.6265419e-03
   9.7452477e-01   7.3789040e-01   1.0000000e+00  -1.3646913e+00   3.0038712e-02   4.4494940e-03
   9.8067216e-01   7.0848744e-01   1.0000000e+00  -1.5127879e+00   3.0126355e-02   8.9752372e-02
   9.8241877e-01   6.7841176e-01   1.0000000e+00   1.4663571e+00   3.0660888e-02   4.4650666e-03
   9.7922239e-01   6.4791794e-01   1.0000000e+00   1.3243003e+00   3.1643569e-02   4.7097795e-03
   9.7150112e-01   6.1723085e-01   1.0000000e+00   1.1821243e+00   3.3036913e-02   4.7922310e-03
   9.5898146e-01   5.8665805e-01   1.0000000e+00   1.0495054e+00   3.4978439e-02   4.9656673e-03
   9.4156219e-01   5.5632556e-01   1.0000000e+00   9.2485878e-01   3.7355149e-02   4.3480191e-03
   9.1907636e-01   5.2649613e-01   1.0000000e+00   8.2554354e-01   3.9622669e-02   4.8819988e-03
   8.9220594e-01   4.9737678e-01   1.0000000e+00   7.2529864e-01   4.2461219e-02   4.5034795e-03
   8.6043216e-01   4.6920975e-01   1.0000000e+00   6.4265366e-01   4.5283770e-02   4.0759801e-03
   8.2418213e-01   4.4207020e-01   1.0000000e+00   5.6167548e-01   4.7063305e-02   2.8969771e-03
   7.8434944e-01   4.1700405e-01   1.0000000e+00   5.0436163e-01   4.8120008e-02   3.2208756e-03
   7.4222119e-01   3.9375012e-01   1.0000000e+00   4.3906159e-01   4.8827381e-02   2.8926455e-03
   6.9802504e-01   3.7299408e-01   1.0000000e+00   3.8026671e-01   4.9182215e-02   2.7878429e-03
   6.5235612e-01   3.5473920e-01   1.0000000e+00   3.2407362e-01   4.8816118e-02   2.8290397e-03
   6.0608107e-01   3.3919465e-01   1.0000000e+00   2.7784863e-01   4.7109788e-02   3.6626597e-03
   5.6077805e-01   3.2627303e-01   1.0000000e+00   2.2434813e-01   4.4452219e-02   4.0203785e-03
   5.1743983e-01   3.1638370e-01   1.0000000e+00   1.6908736e-01   4.1269574e-02   3.7970255e-03
   4.7675881e-01   3.0943874e-01   1.0000000e+00   1.0349955e-01   3.8606730e-02   4.5108907e-03
   4.3835868e-01   3.0545010e-01   1.0000000e+00   3.6101605e-02   3.4921943e-02   4.5436210e-03
   4.0345949e-01   3.0418963e-01   1.0000000e+00  -4.6843475e-02   3.1421345e-02   4.2874104e-03
   3.7207261e-01   3.0566098e-01   1.0000000e+00  -1.2856887e-01   2.7988028e-02   4.3169086e-03
   3.4431559e-01   3.0924946e-01   1.0000000e+00  -2.3797343e-01   2.4945045e-02   3.6208324e-03
   3.2007355e-01   3.1512985e-01   1.0000000e+00  -3.4183623e-01   2.2415646e-02   3.8295237e-03
   2.9895486e-01   3.2264397e-01   1.0000000e+00  -4.6678668e-01   1.9804034e-02   3.7644564e-03
   2.8126948e-01   3.3155616e-01   1.0000000e+00  -6.1453196e-01   1.7435504e-02   3.0243336e-03
   2.6702391e-01   3.4160906e-01   1.0000000e+00  -7.6861609e-01   1.6046574e-02   2.4004422e-03
   2.5548846e-01   3.5276369e-01   1.0000000e+00  -9.0490390e-01   1.5056947e-02   2.1623235e-03
   2.4618686e-01   3.6460396e-01   1.0000000e+00  -1.0392609e+00   1.4293345e-02   2.5038677e-03
   2.3894217e-01   3.7692525e-01   1.0000000e+00  -1.1984682e+00   1.3248847e-02   2.2268646e-03
   2.3412244e-01   3.8926632e-01   1.0000000e+00  -1.3595401e+00   1.2612533e-02   2.3139062e-03
   2.3147774e-01   4.0159846e-01   1.0000000e+00  -1.5397510e+00   1.2178926e-02   3.5979570e-02
   2.3109970e-01   4.1377152e-01   1.0000000e+00   1.4144972e+00   1.2186849e-02   2.7545647e-03
   2.3299675e-01   4.2580981e-01   1.0000000e+00   1.1887830e+00   1.2331874e-02   2.7799557e-03
   2.3759394e-01   4.3725275e-01   1.0000000e+00   9.7643602e-01   1.3265092e-02   2.6816127e-03
   2.4502211e-01   4.4824297e-01   1.0000000e+00   8.0228318e-01   1.4626796e-02   2.6705366e-03
   2.5518872e-01   4.5875883e-01   1.0000000e+00   6.6644699e-01   1.6411229e-02   2.7966399e-03
   2.6808832e-01   4.6890421e-01   1.0000000e+00   5.5415537e-01   1.8514826e-02   3.1191018e-03
   2.8383232e-01   4.7864718e-01   1.0000000e+00   4.4828859e-01   2.0941096e-02   3.3634962e-03
   3.0270423e-01   4.8772355e-01   1.0000000e+00   3.6639803e-01   2.3834589e-02   3.0416853e-03
   3.2495677e-01   4.9626241e-01   1.0000000e+00   3.1000775e-01   2.6563216e-02   2.6071687e-03
   3.5025375e-01   5.0436594e-01   1.0000000e+00   2.6354540e-01   2.8859758e-02   2.2334610e-03
   3.7811705e-01   5.1188406e-01   1.0000000e+00   2.1738790e-01   3.0652486e-02   2.3225957e-03
   4.0804810e-01   5.1849518e-01   1.0000000e+00   1.7000106e-01   3.2464839e-02   1.4038555e-03
   4.4004495e-01   5.2398769e-01   1.0000000e+00   1.4110702e-01   3.3509296e-02   1.0913470e-03
   4.7322119e-01   5.2870041e-01   1.0000000e+00   1.1752004e-01   3.4261847e-02   1.3957047e-03
   5.0724671e-01   5.3271760e-01   1.0000000e+00   8.2846245e-02   3.4994428e-02   1.4671048e-03
   5.4212112e-01   5.3561344e-01   1.0000000e+00   4.1083934e-02   3.5123136e-02   1.6600243e-03
   5.7721462e-01   5.3705603e-01   1.0000000e+00  -4.8887815e-03   3.4737902e-02   1.8525241e-03
   6.1195210e-01   5.3688621e-01   1.0000000e+00  -5.5206009e-02   3.4124192e-02   2.2154802e-03
   6.4602431e-01   5.3500330e-01   1.0000000e+00  -1.1642590e-01   3.3386561e-02   3.7197636e-03
   6.7918485e-01   5.3112502e-01   1.0000000e+00  -2.1589989e-01   3.5061963e-02   2.9734041e-03
   7.1343281e-01   5.2361382e-01   1.0000000e+00  -2.9785298e-01   3.4297438e-02   2.5617803e-03
   7.4622009e-01   5.1354860e-01   1.0000000e+00  -3.7020262e-01   3.3660779e-02   2.5429777e-03
   7.7760049e-01   5.0136999e-01   1.0000000e+00  -4.4450559e-01   3.3201152e-02   2.9800181e-03
   8.0757527e-01   4.8709311e-01   1.0000000e+00  -5.3410762e-01   3.3026416e-02   3.1278928e-03
   8.3600187e-01   4.7028025e-01   1.0000000e+00  -6.2876835e-01   3.2926750e-02   3.9007980e-03
   8.6263146e-01   4.5091441e-01   1.0000000e+00  -7.4544924e-01   3.2251581e-02   3.6335473e-03
   8.8632938e-01   4.2903810e-01   1.0000000e+00  -8.5637868e-01   3.1616689e-02   3.2123316e-03
   9.0704393e-01   4.0515248e-01   1.0000000e+00  -9.5795670e-01   3.1687067e-02   3.2497011e-03
   9.2527010e-01   3.7923189e-01   1.0000000e+00  -1.0590986e+00   3.1149268e-02   4.0771968e-03
   9.4052259e-01   3.5207239e-01   1.0000000e+00  -1.1869906e+00   3.0281321e-02   6.3733479e-03
   9.5186149e-01   3.2399415e-01   1.0000000e+00  -1.3777616e+00   2.7589077e-02   3.1801961e-03
   9.5715413e-01   2.9691750e-01   1.0000000e+00  -1.4865536e+00   2.6537973e-02   8.0172249e-02
   9.5938711e-01   2.7047363e-01   1.0000000e+00   1.5343595e+00   2.5806406e-02   4.2207779e-03
   9.5844702e-01   2.4468436e-01   1.0000000e+00   1.3712692e+00   2.5488322e-02   4.5988221e-03
   9.5339508e-01   2.1970171e-01   1.0000000e+00   1.1908625e+00   2.5416598e-02   4.1559732e-03
   9.4396911e-01   1.9609759e-01   1.0000000e+00   1.0295820e+00   2.6101186e-02   3.4998309e-03
   9.3052238e-01   1.7372669e-01   1.0000000e+00   8.9588481e-01   2.6367866e-02   4.2350627e-03
   9.1404699e-01   1.5313966e-01   1.0000000e+00   7.4676363e-01   2.7941103e-02   4.2511680e-03
   8.9354126e-01   1.3416018e-01   1.0000000e+00   6.0878230e-01   2.9732387e-02   3.7520872e-03
   8.6915045e-01   1.1715716e-01   1.0000000e+00   5.0600200e-01   3.1909452e-02   3.0839641e-03
   8.4123959e-01   1.0169115e-01   1.0000000e+00   4.3015377e-01   3.3820761e-02   2.6513681e-03
   8.1049985e-01   8.7587536e-02   1.0000000e+00   3.6489612e-01   3.5289987e-02   2.5416531e-03
