   0.0000000e+00   8.7107174e-01   1.0000000e+00   8.2434630e-01   2.0998099e-02   7.3639440e-03
   1.4258486e-02   8.8648653e-01   1.0000000e+00   5.5297780e-01   2.5662638e-02   6.1173793e-03
   3.6096475e-02   8.9996516e-01   1.0000000e+00   4.3389114e-01   3.0961951e-02   4.2783277e-03
   6.4189392e-02   9.1298170e-01   1.0000000e+00   3.7234323e-01   3.4792436e-02   6.7093603e-03
   9.6597761e-02   9.2563916e-01   1.0000000e+00   2.9136526e-01   4.0881578e-02   2.3363016e-03
   1.3575629e-01   9.3738281e-01   1.0000000e+00   3.0576531e-01   3.8620662e-02   4.9119365e-03
   1.7258560e-01   9.4900852e-01   1.0000000e+00   2.4103305e-01   4.2848795e-02   3.9669166e-03
   2.1419572e-01   9.5923678e-01   1.0000000e+00   1.9579074e-01   4.6309769e-02   3.7230121e-03
   2.5962070e-01   9.6824599e-01   1.0000000e+00   1.4926531e-01   4.9345983e-02   3.3807213e-03
   3.0841799e-01   9.7558431e-01   1.0000000e+00   1.0030193e-01   5.1710621e-02   3.2830568e-03
   3.5986871e-01   9.8076229e-01   1.0000000e+00   5.4280919e-02   5.3972287e-02   2.8532736e-03
   4.1376150e-01   9.8369052e-01   1.0000000e+00   5.4067182e-03   5.5059902e-02   3.0349250e-03
   4.6882060e-01   9.8398821e-01   1.0000000e+00  -4.7441169e-02   5.5922361e-02   3.1018760e-03
   5.2468004e-01   9.8133618e-01   1.0000000e+00  -1.0290628e-01   5.5951438e-02   3.3543926e-03
   5.8033549e-01   9.7558859e-01   1.0000000e+00  -1.6060237e-01   5.5039950e-02   4.1836945e-03
   6.3466713e-01   9.6678699e-01   1.0000000e+00  -2.2590093e-01   5.2898397e-02   4.3140541e-03
   6.8622153e-01   9.5493857e-01   1.0000000e+00  -2.9465853e-01   5.0578466e-02   4.8387907e-03
   7.3462013e-01   9.4024992e-01   1.0000000e+00  -3.7362238e-01   4.7846636e-02   4.8308223e-03
   7.7916589e-01   9.2278636e-01   1.0000000e+00  -4.5784754e-01   4.5182649e-02   4.8632802e-03
   8.1969500e-01   9.0281480e-01   1.0000000e+00  -5.5040643e-01   4.2700330e-02   5.2053164e-03
   8.5608900e-01   8.8048109e-01   1.0000000e+00  -6.5131665e-01   3.9779937e-02   5.5430941e-03
   8.8772544e-01   8.5636514e-01   1.0000000e+00  -7.7107846e-01   3.6946373e-02   4.8766390e-03
   9.1422188e-01   8.3061688e-01   1.0000000e+00  -8.9031531e-01   3.4854884e-02   4.6537841e-03
   9.3615142e-01   8.0352522e-01   1.0000000e+00  -1.0175495e+00   3.3443905e-02   5.3045487e-03
   9.5372461e-01   7.7507038e-01   1.0000000e+00  -1.1714124e+00   3.2155802e-02   5.8493121e-03
   9.6622842e-01   7.4544521e-01   1.0000000e+00  -1.3524185e+00   3.1574910e-02   4.9397903e-03
   9.7306900e-01   7.1462020e-01   1.0000000e+00  -1.5084879e+00   3.1917764e-02   9.5043783e-02
   9.7505646e-01   6.8276437e-01   1.0000000e+00   1.4692078e+00   3.2592459e-02   5.0906896e-03
   9.7175113e-01   6.5033995e-01   1.0000000e+00   1.3167791e+00   3.3703249e-02   4.3755664e-03
   9.6328170e-01   6.1771821e-01   1.0000000e+00   1.1926634e+00   3.4986696e-02   4.5297806e-03
   9.5036510e-01   5.8520313e-01   1.0000000e+00   1.0709352e+00   3.6529725e-02   4.5669235e-03
   9.3285627e-01   5.5314285e-01   1.0000000e+00   9.5576644e-01   3.8306590e-02   4.2085155e-03
   9.1075402e-01   5.2185571e-01   1.0000000e+00   8.5514203e-01   3.9995918e-02   4.3311523e-03
   8.8451225e-01   4.9167222e-01   1.0000000e+00   7.5470039e-01   4.1614726e-02   4.5390212e-03
   8.5419688e-01   4.6316320e-01   1.0000000e+00   6.5261976e-01   4.3213702e-02   3.5139949e-03
   8.1986379e-01   4.3692082e-01   1.0000000e+00   5.7330129e-01   4.3987918e-02   3.4462637e-03
   7.8290888e-01   4.1306141e-01   1.0000000e+00   4.9504667e-01   4.3821801e-02   3.2463354e-03
   7.4434804e-01   3.9224286e-01   1.0000000e+00   4.2099450e-01   4.3732234e-02   2.9987647e-03
   7.0443437e-01   3.7437089e-01   1.0000000e+00   3.5554499e-01   4.2837754e-02   2.9997808e-03
   6.6427583e-01   3.5945901e-01   1.0000000e+00   2.9597770e-01   4.1260615e-02   2.8117685e-03
   6.2480933e-01   3.4742431e-01   1.0000000e+00   2.3152504e-01   4.0347453e-02   3.1922264e-03
   5.8553844e-01   3.3816610e-01   1.0000000e+00   1.6177149e-01   3.8840939e-02   3.4655690e-03
   5.4720463e-01   3.3191011e-01   1.0000000e+00   1.0042080e-01   3.6324618e-02   3.3231376e-03
   5.1106301e-01   3.2826849e-01   1.0000000e+00   3.9510283e-02   3.3845130e-02   3.5465944e-03
   4.7724430e-01   3.2693161e-01   1.0000000e+00  -1.6723310e-02   3.0852467e-02   3.6428199e-03
   4.4639614e-01   3.2744754e-01   1.0000000e+00  -7.6336120e-02   2.7708031e-02   3.8159855e-03
   4.1876880e-01   3.2956061e-01   1.0000000e+00  -1.5319545e-01   2.4541573e-02   1.8053686e-02
   3.9451465e-01   3.3330558e-01   1.0000000e+00  -8.7509475e-01   2.1068872e-02   1.3808839e-02
   3.8101110e-01   3.4947813e-01   1.0000000e+00  -1.5166065e+00   1.8239790e-02   5.1356301e-02
   3.8002317e-01   3.6769115e-01   1.0000000e+00   1.2985426e+00   1.9178140e-02   5.7396896e-03
   3.8518023e-01   3.8616291e-01   1.0000000e+00   1.0298453e+00   2.1705874e-02   6.3013605e-03
   3.9635770e-01   4.0476960e-01   1.0000000e+00   7.9737146e-01   2.5480069e-02   5.5011173e-03
   4.1415782e-01   4.2300116e-01   1.0000000e+00   6.4505941e-01   2.9378882e-02   5.2162491e-03
   4.3763343e-01   4.4066509e-01   1.0000000e+00   5.3339489e-01   3.3434379e-02   5.2725883e-03
   4.6642330e-01   4.5766512e-01   1.0000000e+00   4.2512786e-01   3.7268038e-02   4.5788043e-03
   5.0037396e-01   4.7303585e-01   1.0000000e+00   3.4592572e-01   4.0768447e-02   4.4404458e-03
   5.3872737e-01   4.8685911e-01   1.0000000e+00   2.7411434e-01   4.4107084e-02   4.3868645e-03
   5.8118773e-01   4.9879865e-01   1.0000000e+00   2.0739006e-01   4.7360275e-02   1.5189765e-02
   6.2753315e-01   5.0855045e-01   1.0000000e+00  -9.8392552e-02   4.2777468e-02   7.5454876e-03
   6.7010372e-01   5.0434825e-01   1.0000000e+00  -2.1247105e-01   3.7022463e-02   2.4979693e-03
   7.0629365e-01   4.9654110e-01   1.0000000e+00  -2.7692744e-01   3.6284047e-02   2.7935913e-03
   7.4119527e-01   4.8662099e-01   1.0000000e+00  -3.4801258e-01   3.5210927e-02   3.0293890e-03
   7.7429539e-01   4.7461300e-01   1.0000000e+00  -4.2553249e-01   3.3896861e-02   2.8392375e-03
   8.0516930e-01   4.6062018e-01   1.0000000e+00  -5.0524481e-01   3.3024807e-02   3.2038248e-03
   8.3406785e-01   4.4463546e-01   1.0000000e+00  -5.9677573e-01   3.1963097e-02   3.1199033e-03
   8.6050619e-01   4.2667288e-01   1.0000000e+00  -6.8200162e-01   3.0442187e-02   3.5314752e-03
   8.8413884e-01   4.0748371e-01   1.0000000e+00  -7.8767126e-01   2.8984992e-02   3.3792105e-03
   9.0458768e-01   3.8694169e-01   1.0000000e+00  -8.9895120e-01   2.7977248e-02   3.5323497e-03
   9.2200159e-01   3.6504461e-01   1.0000000e+00  -1.0183655e+00   2.6830083e-02   4.4990555e-03
   9.3608090e-01   3.4220546e-01   1.0000000e+00  -1.1746855e+00   2.5201832e-02   4.0604505e-03
   9.4580460e-01   3.1895504e-01   1.0000000e+00  -1.3309413e+00   2.4211910e-02   3.3926457e-03
   9.5155642e-01   2.9543626e-01   1.0000000e+00  -1.4698405e+00   2.3764498e-02   7.0980698e-02
   9.5395151e-01   2.7179277e-01   1.0000000e+00   1.5169876e+00   2.3585303e-02   3.6859027e-03
   9.5268303e-01   2.4824160e-01   1.0000000e+00   1.3611702e+00   2.3868574e-02   4.5915290e-03
   9.4771612e-01   2.2489554e-01   1.0000000e+00   1.1741296e+00   2.4941580e-02   4.1794756e-03
   9.3808004e-01   2.0189057e-01   1.0000000e+00   1.0159254e+00   2.6319323e-02   4.3758442e-03
   9.2421413e-01   1.7951998e-01   1.0000000e+00   8.6414486e-01   2.8105353e-02   4.0454469e-03
   9.0596559e-01   1.5814472e-01   1.0000000e+00   7.4222030e-01   3.0255502e-02   4.0468265e-03
   8.8366820e-01   1.3769425e-01   1.0000000e+00   6.2178169e-01   3.2015779e-02   4.1886548e-03
   8.5764444e-01   1.1904556e-01   1.0000000e+00   5.2083540e-01   3.4680328e-02   3.1593786e-03
   8.2756259e-01   1.0178846e-01   1.0000000e+00   4.4387629e-01   3.6370975e-02   3.0091171e-03
   7.9471619e-01   8.6169184e-02   1.0000000e+00   3.7386103e-01   3.7974098e-02   3.3226241e-03
   7.5936518e-01   7.2300569e-02   1.0000000e+00   3.1039737e-01   4.0261422e-02   2.7390876e-03
   7.2102776e-01   6.0003240e-02   1.0000000e+00   2.6104487e-01   4.2146740e-02   2.6131501e-03
   6.8030891e-01   4.9125581e-02   1.0000000e+00   2.1557953e-01   4.3923442e-02   1.5799293e-03
   6.3740219e-01   3.9729760e-02   1.0000000e+00   1.8074483e-01   4.4317261e-02   1.1465476e-03
   5.9380685e-01   3.1763186e-02   1.0000000e+00   1.5651234e-01   4.3915674e-02   1.5353647e-03
   5.5042796e-01   2.4917869e-02   1.0000000e+00   1.3817755e-01   4.2608379e-02   2.3443229e-03
   5.0822570e-01   1.9049065e-02   1.0000000e+00   1.1064905e-01   4.0578588e-02   2.5675892e-03
   4.6789526e-01   1.4568239e-02   1.0000000e+00   9.7589933e-02   3.8066278e-02   3.5439424e-03
   4.3001011e-01   1.0859247e-02   1.0000000e+00   8.1747493e-02   3.4574024e-02   4.1365878e-03
   3.9555154e-01   8.0360544e-03   1.0000000e+00   7.3034907e-02   3.0448418e-02   3.9501558e-03
   3.6518430e-01   5.8142335e-03   1.0000000e+00   6.6877090e-02   2.6502715e-02   4.4348857e-03
   3.3874083e-01   4.0431299e-03   1.0000000e+00   6.0143922e-02   2.2071421e-02   4.3381605e-03
   3.1670931e-01   2.7164683e-03   1.0000000e+00   3.0656507e-02   1.7782358e-02   4.2878839e-03
   2.9893531e-01   2.1714087e-03   1.0000000e+00   2.1844095e-02   1.3497339e-02   3.9385512e-03
   2.8544119e-01   1.8765950e-03   1.0000000e+00   7.6604076e-03   9.5634428e-03   5.5423386e-04
   2.7587803e-01   1.8033359e-03   1.0000000e+00  -1.3407338e-02   1.0079758e-02   6.6054683e-03
   2.6579918e-01   1.9384745e-03   1.0000000e+00  -9.2011851e-02   3.5219798e-03   6.3072934e-03
