   0.0000000e+00   9.0258304e-01   1.0000000e+00   1.5707963e+00   1.7520789e-03   6.6510116e-03
   0.0000000e+00   9.0433512e-01   1.0000000e+00   7.9228107e-01   8.2617182e-03   5.5309878e-03
   5.8015696e-03   9.1021711e-01   1.0000000e+00   5.9870660e-01   1.3556452e-02   4.5196512e-03
   1.7000083e-02   9.1785718e-01   1.0000000e+00   4.9878708e-01   1.7868346e-02   5.3742397e-03
   3.2691410e-02   9.2640469e-01   1.0000000e+00   3.8919823e-01   2.2873145e-02   2.2339886e-03
   5.3853955e-02   9.3508383e-01   1.0000000e+00   3.7511098e-01   2.0662516e-02   4.2922638e-03
   7.3079744e-02   9.4265408e-01   1.0000000e+00   3.3516366e-01   2.4874668e-02   4.4019304e-03
   9.6570298e-02   9.5083595e-01   1.0000000e+00   2.7891009e-01   2.9048273e-02   3.8191252e-03
   1.2449603e-01   9.5883317e-01   1.0000000e+00   2.3863445e-01   3.2683787e-02   3.3508975e-03
   1.5625361e-01   9.6655883e-01   1.0000000e+00   1.9581638e-01   3.5728461e-02   3.4548133e-03
   1.9129927e-01   9.7351043e-01   1.0000000e+00   1.5838750e-01   3.8913963e-02   3.3366505e-03
   2.2972615e-01   9.7964817e-01   1.0000000e+00   1.2705661e-01   4.2019888e-02   3.2661367e-03
   2.7140732e-01   9.8497273e-01   1.0000000e+00   8.5250028e-02   4.4773363e-02   3.1535035e-03
   3.1601809e-01   9.8878504e-01   1.0000000e+00   4.7179932e-02   4.7426507e-02   2.8952311e-03
   3.6339182e-01   9.9102178e-01   1.0000000e+00   1.0354793e-02   4.9735651e-02   2.4270618e-03
   4.1312480e-01   9.9153678e-01   1.0000000e+00  -2.9156321e-02   5.1160069e-02   1.9688421e-03
   4.6426313e-01   9.9004535e-01   1.0000000e+00  -6.7583941e-02   5.1266566e-02   2.2381049e-03
   5.1541266e-01   9.8658319e-01   1.0000000e+00  -1.1109519e-01   5.1084317e-02   2.4380196e-03
   5.6618205e-01   9.8091964e-01   1.0000000e+00  -1.5625789e-01   5.0296153e-02   2.7887933e-03
   6.1586542e-01   9.7309241e-01   1.0000000e+00  -2.0771354e-01   4.9257156e-02   2.6849875e-03
   6.6406380e-01   9.6293444e-01   1.0000000e+00  -2.5840322e-01   4.8269735e-02   3.3980635e-03
   7.1073094e-01   9.5059973e-01   1.0000000e+00  -3.2140081e-01   4.6753192e-02   3.7708487e-03
   7.5509008e-01   9.3583059e-01   1.0000000e+00  -3.9229904e-01   4.4955432e-02   4.1241328e-03
   7.9663036e-01   9.1864351e-01   1.0000000e+00  -4.6848395e-01   4.2657965e-02   4.6574920e-03
   8.3469210e-01   8.9938198e-01   1.0000000e+00  -5.5525779e-01   3.9831231e-02   5.0120690e-03
   8.6853927e-01   8.7838446e-01   1.0000000e+00  -6.5996079e-01   3.7051269e-02   5.1844285e-03
   8.9781037e-01   8.5566885e-01   1.0000000e+00  -7.7953637e-01   3.4358758e-02   4.2285856e-03
   9.2224768e-01   8.3151637e-01   1.0000000e+00  -8.9357336e-01   3.2768511e-02   4.5211651e-03
   9.4278145e-01   8.0597934e-01   1.0000000e+00  -1.0232723e+00   3.1226409e-02   5.1118698e-03
   9.5903713e-01   7.7931773e-01   1.0000000e+00  -1.1809255e+00   2.9849510e-02   5.1725521e-03
   9.7038200e-01   7.5170819e-01   1.0000000e+00  -1.3526173e+00   2.9149134e-02   5.3913452e-03
   9.7669140e-01   7.2325008e-01   1.0000000e+00  -1.5375502e+00   2.9061502e-02   8.6701723e-02
   9.7765740e-01   6.9420464e-01   1.0000000e+00   1.4457875e+00   2.9562687e-02   4.3758055e-03
   9.7397143e-01   6.6487265e-01   1.0000000e+00   1.3003477e+00   3.0375812e-02   4.0575977e-03
   9.6585611e-01   6.3560096e-01   1.0000000e+00   1.1706032e+00   3.1341155e-02   3.8395824e-03
   9.5364571e-01   6.0673620e-01   1.0000000e+00   1.0567860e+00   3.2761627e-02   3.4885385e-03
   9.3753770e-01   5.7820804e-01   1.0000000e+00   9.5859950e-01   3.4111598e-02   4.1623243e-03
   9.1793490e-01   5.5029153e-01   1.0000000e+00   8.5105492e-01   3.6078047e-02   4.5961095e-03
   8.9415260e-01   5.2316170e-01   1.0000000e+00   7.4590012e-01   3.8672552e-02   4.9143704e-03
   8.6574849e-01   4.9691722e-01   1.0000000e+00   6.4764402e-01   4.1789033e-02   4.3029319e-03
   8.3242142e-01   4.7170552e-01   1.0000000e+00   5.6588983e-01   4.4404992e-02   3.6498716e-03
   7.9493864e-01   4.4789702e-01   1.0000000e+00   4.9980016e-01   4.6575022e-02   3.4989854e-03
   7.5406076e-01   4.2557593e-01   1.0000000e+00   4.3903144e-01   4.8632271e-02   3.3641648e-03
   7.1004058e-01   4.0490415e-01   1.0000000e+00   3.7974141e-01   5.0365349e-02   3.1272758e-03
   6.6326324e-01   3.8623471e-01   1.0000000e+00   3.2788351e-01   5.2085274e-02   2.4357519e-03
   6.1395275e-01   3.6946117e-01   1.0000000e+00   2.8219653e-01   5.2605178e-02   2.3621849e-03
   5.6342831e-01   3.5481242e-01   1.0000000e+00   2.3780177e-01   5.2959934e-02   2.0421658e-03
   5.1195877e-01   3.4233681e-01   1.0000000e+00   1.9931912e-01   5.2830171e-02   2.2739565e-03
   4.6017455e-01   3.3187633e-01   1.0000000e+00   1.6903262e-01   5.1214390e-02   3.5227436e-03
   4.0969007e-01   3.2326060e-01   1.0000000e+00   1.2504616e-01   4.8506091e-02   4.1201528e-03
   3.6156272e-01   3.1721089e-01   1.0000000e+00   8.2510844e-02   4.4939751e-02   4.7615885e-03
   3.1677586e-01   3.1350708e-01   1.0000000e+00   3.5809087e-02   4.0665654e-02   4.6526063e-03
   2.7613627e-01   3.1205119e-01   1.0000000e+00  -1.9375877e-02   3.6590042e-02   5.1214008e-03
   2.3955310e-01   3.1276011e-01   1.0000000e+00  -8.4229267e-02   3.2051576e-02   4.7268907e-03
   2.0761515e-01   3.1545660e-01   1.0000000e+00  -1.5351412e-01   2.7878803e-02   5.0010847e-03
   1.8006421e-01   3.1971960e-01   1.0000000e+00  -2.5046382e-01   2.3671013e-02   4.2914643e-03
   1.5713179e-01   3.2558654e-01   1.0000000e+00  -3.6206588e-01   2.0289015e-02   4.2192668e-03
   1.3815817e-01   3.3277305e-01   1.0000000e+00  -5.0785662e-01   1.7280238e-02   3.8052681e-03
   1.2305889e-01   3.4117653e-01   1.0000000e+00  -6.8933121e-01   1.5124769e-02   3.1532645e-03
   1.1138754e-01   3.5079620e-01   1.0000000e+00  -8.8711036e-01   1.4127363e-02   2.9943853e-03
   1.0246392e-01   3.6174843e-01   1.0000000e+00  -1.0863610e+00   1.3106208e-02   3.3332639e-03
   9.6360244e-02   3.7334662e-01   1.0000000e+00  -1.3376827e+00   1.2595283e-02   3.6391471e-02
   9.3450632e-02   3.8560122e-01   1.0000000e+00   1.5515540e+00   1.2823889e-02   3.6769845e-03
   9.3697379e-02   3.9842274e-01   1.0000000e+00   1.2836020e+00   1.4132643e-02   4.1250530e-03
   9.7700628e-02   4.1197654e-01   1.0000000e+00   1.0402213e+00   1.6409732e-02   4.3430620e-03
   1.0600443e-01   4.2613020e-01   1.0000000e+00   8.4701282e-01   1.9377916e-02   4.5915117e-03
   1.1883696e-01   4.4065018e-01   1.0000000e+00   6.9084047e-01   2.2830961e-02   4.6701810e-03
   1.3643303e-01   4.5519773e-01   1.0000000e+00   5.6979919e-01   2.6595761e-02   5.0980533e-03
   1.5882691e-01   4.6954516e-01   1.0000000e+00   4.6301311e-01   3.0829462e-02   5.5172698e-03
   1.8641036e-01   4.8331501e-01   1.0000000e+00   3.7780070e-01   3.5681148e-02   5.5441004e-03
   2.1957521e-01   4.9647697e-01   1.0000000e+00   3.0637653e-01   4.0604787e-02   5.0391207e-03
   2.5828914e-01   5.0872362e-01   1.0000000e+00   2.4396503e-01   4.4960305e-02   3.8925642e-03
   3.0191807e-01   5.1958387e-01   1.0000000e+00   1.9888188e-01   4.8283485e-02   3.6701598e-03
   3.4924980e-01   5.2912341e-01   1.0000000e+00   1.5200275e-01   5.1172550e-02   2.7824677e-03
   3.9983232e-01   5.3687186e-01   1.0000000e+00   1.0646007e-01   5.2692659e-02   2.6987258e-03
   4.5222666e-01   5.4247093e-01   1.0000000e+00   5.6473072e-02   5.2104918e-02   2.5285026e-03
   5.0424851e-01   5.4541189e-01   1.0000000e+00   9.9697224e-03   5.1382327e-02   2.9654793e-03
   5.5562828e-01   5.4592415e-01   1.0000000e+00  -4.2954067e-02   5.0199441e-02   3.1968790e-03
   6.0578142e-01   5.4376854e-01   1.0000000e+00  -9.9868127e-02   4.8765120e-02   3.3938711e-03
   6.5430356e-01   5.3890655e-01   1.0000000e+00  -1.5734081e-01   4.6851107e-02   3.9064133e-03
   7.0057594e-01   5.3156534e-01   1.0000000e+00  -2.2551892e-01   4.4602324e-02   4.0887598e-03
   7.4404885e-01   5.2159172e-01   1.0000000e+00  -2.9901656e-01   4.2158641e-02   4.3595100e-03
   7.8433677e-01   5.0917260e-01   1.0000000e+00  -3.7996562e-01   3.9445932e-02   4.3847346e-03
   8.2096932e-01   4.9454256e-01   1.0000000e+00  -4.7579421e-01   3.7223966e-02   4.8795780e-03
   8.5405879e-01   4.7749232e-01   1.0000000e+00  -5.9022624e-01   3.4843636e-02   4.8663656e-03
   8.8300740e-01   4.5810013e-01   1.0000000e+00  -7.1961719e-01   3.3011867e-02   4.0381381e-03
   9.0783424e-01   4.3634211e-01   1.0000000e+00  -8.3813243e-01   3.2012060e-02   5.2981502e-03
   9.2924558e-01   4.1254450e-01   1.0000000e+00  -9.9676572e-01   3.0501266e-02   6.0443996e-03
   9.4580841e-01   3.8693200e-01   1.0000000e+00  -1.1906854e+00   2.9256290e-02   5.8739612e-03
   9.5666318e-01   3.5976392e-01   1.0000000e+00  -1.3905021e+00   2.8682783e-02   8.4343814e-02
   9.6180655e-01   3.3154606e-01   1.0000000e+00   1.5500584e+00   2.8927734e-02   5.5505901e-03
   9.6120669e-01   3.0262455e-01   1.0000000e+00   1.3597533e+00   2.9636946e-02   5.1926928e-03
   9.5499835e-01   2.7364516e-01   1.0000000e+00   1.1906587e+00   3.0996894e-02   4.4248807e-03
   9.4349700e-01   2.4486102e-01   1.0000000e+00   1.0580361e+00   3.2634009e-02   4.5960861e-03
   9.2748727e-01   2.1642395e-01   1.0000000e+00   9.2608930e-01   3.4241115e-02   4.4959619e-03
   9.0690958e-01   1.8905586e-01   1.0000000e+00   8.0455823e-01   3.5943101e-02   4.5747267e-03
   8.8198557e-01   1.6315797e-01   1.0000000e+00   6.8578270e-01   3.7586996e-02   4.3041394e-03
   8.5289610e-01   1.3935492e-01   1.0000000e+00   5.7917949e-01   3.9158751e-02   2.8974970e-03
   8.2012368e-01   1.1792187e-01   1.0000000e+00   5.0560922e-01   3.9468248e-02   2.5202443e-03
