   0.0000000e+00   7.3684210e-01   1.0000000e+00   1.5707963e+00   3.7063018e-03   3.5420744e-03
   0.0000000e+00   7.4054840e-01   1.0000000e+00   1.5707963e+00   7.2483762e-03   3.0877275e-03
   0.0000000e+00   7.4779678e-01   1.0000000e+00   1.1940770e+00   8.6898564e-03   4.0593268e-03
   3.1967537e-03   7.5587727e-01   1.0000000e+00   8.6675651e-01   1.1586010e-02   1.2726861e-01
   1.0696404e-02   7.6470852e-01   1.0000000e+00   1.1858078e-01   1.3855907e-01   6.0835150e-02
   1.4828245e-01   7.8110048e-01   1.0000000e+00   7.5912429e-02   7.8011877e-02   3.9341763e-03
   2.2606965e-01   7.8701686e-01   1.0000000e+00   4.3676003e-02   8.1037336e-02   4.1681162e-03
   3.0702971e-01   7.9055513e-01   1.0000000e+00   4.3404330e-03   8.3722868e-02   4.0057523e-03
   3.9075179e-01   7.9091852e-01   1.0000000e+00  -3.3703698e-02   8.6152021e-02   3.8487353e-03
   4.7685488e-01   7.8801543e-01   1.0000000e+00  -7.1442219e-02   8.8211666e-02   3.7374504e-03
   5.6484153e-01   7.8171875e-01   1.0000000e+00  -1.1174785e-01   8.9363827e-02   3.6320319e-03
   6.5364797e-01   7.7175330e-01   1.0000000e+00  -1.5229218e-01   8.9617006e-02   3.7079101e-03
   7.4222774e-01   7.5815803e-01   1.0000000e+00  -1.9364143e-01   8.9747994e-02   4.1271904e-03
   8.3029834e-01   7.4088751e-01   1.0000000e+00  -2.3950924e-01   8.9451741e-02   7.5025080e-02
   9.1719664e-01   7.1966724e-01   1.0000000e+00  -8.8092883e-01   4.1111841e-02   1.0920342e-02
   9.4336166e-01   6.8795642e-01   1.0000000e+00  -1.0632016e+00   3.3168270e-02   3.6296076e-03
   9.5948398e-01   6.5897014e-01   1.0000000e+00  -1.1709528e+00   3.2534924e-02   4.8016011e-03
   9.7214898e-01   6.2900150e-01   1.0000000e+00  -1.3170939e+00   3.1865377e-02   4.5566436e-03
   9.8014686e-01   5.9815614e-01   1.0000000e+00  -1.4599278e+00   3.1648008e-02   9.4669177e-02
   9.8364844e-01   5.6670244e-01   1.0000000e+00   1.5313811e+00   3.1847407e-02   4.8732325e-03
   9.8239350e-01   5.3487977e-01   1.0000000e+00   1.3803344e+00   3.2627167e-02   3.9552330e-03
   9.7621677e-01   5.0284261e-01   1.0000000e+00   1.2599042e+00   3.3079371e-02   3.7660847e-03
   9.6609752e-01   4.7134902e-01   1.0000000e+00   1.1477721e+00   3.3731139e-02   3.6395008e-03
   9.5225021e-01   4.4059123e-01   1.0000000e+00   1.0421954e+00   3.4481906e-02   3.0111151e-03
   9.3486010e-01   4.1081564e-01   1.0000000e+00   9.5615573e-01   3.4996537e-02   2.9677181e-03
   9.1467882e-01   3.8222414e-01   1.0000000e+00   8.7201936e-01   3.5367182e-02   3.4062444e-03
   8.9192776e-01   3.5514598e-01   1.0000000e+00   7.8027094e-01   3.6403153e-02   3.2353383e-03
   8.6605520e-01   3.2953738e-01   1.0000000e+00   6.9404364e-01   3.7187012e-02   2.6595644e-03
   8.3747082e-01   3.0575069e-01   1.0000000e+00   6.2329275e-01   3.7575658e-02   2.9367182e-03
   8.0696086e-01   2.8381733e-01   1.0000000e+00   5.4525708e-01   3.7737750e-02   2.4044538e-03
   7.7469531e-01   2.6424510e-01   1.0000000e+00   4.8272896e-01   3.8199650e-02   2.5351946e-03
   7.4086068e-01   2.4651290e-01   1.0000000e+00   4.1692183e-01   3.8528247e-02   2.0361717e-03
   7.0563277e-01   2.3091097e-01   1.0000000e+00   3.6783727e-01   3.9282950e-02   1.9959152e-03
   6.6897756e-01   2.1678489e-01   1.0000000e+00   3.1778797e-01   3.9626738e-02   1.7586358e-03
   6.3133498e-01   2.0440288e-01   1.0000000e+00   2.7345362e-01   3.9706513e-02   1.8545711e-03
   5.9310380e-01   1.9367981e-01   1.0000000e+00   2.2693889e-01   3.9874602e-02   1.4326398e-03
   5.5425160e-01   1.8470818e-01   1.0000000e+00   1.9103588e-01   3.9928699e-02   2.1703064e-03
   5.1504928e-01   1.7712668e-01   1.0000000e+00   1.5080222e-01   3.8469432e-02   2.3840142e-03
   4.7701644e-01   1.7134737e-01   1.0000000e+00   1.0064914e-01   3.7069042e-02   2.7545119e-03
   4.4013500e-01   1.6762269e-01   1.0000000e+00   3.9403807e-02   3.5509219e-02   2.6828303e-03
   4.0465334e-01   1.6622386e-01   1.0000000e+00  -1.7299158e-02   3.3736232e-02   3.6873746e-03
   3.7092216e-01   1.6680744e-01   1.0000000e+00  -9.9562007e-02   3.1308314e-02   3.9368505e-03
   3.3976889e-01   1.6991941e-01   1.0000000e+00  -1.8190154e-01   2.8332888e-02   3.9945285e-03
   3.1190345e-01   1.7504483e-01   1.0000000e+00  -2.8494498e-01   2.5606596e-02   3.8208578e-03
   2.8732939e-01   1.8224296e-01   1.0000000e+00  -3.9599315e-01   2.3054520e-02   3.4696471e-03
   2.6605897e-01   1.9113566e-01   1.0000000e+00  -5.1160240e-01   2.0833137e-02   3.2962397e-03
   2.4789328e-01   2.0133505e-01   1.0000000e+00  -6.4092012e-01   1.8933912e-02   3.1147976e-03
   2.3271688e-01   2.1265626e-01   1.0000000e+00  -7.8579835e-01   1.7458344e-02   2.0836808e-03
   2.2037691e-01   2.2500611e-01   1.0000000e+00  -8.9442374e-01   1.6595025e-02   2.1070517e-03
   2.0998895e-01   2.3794772e-01   1.0000000e+00  -1.0112508e+00   1.5769846e-02   2.1957262e-03
   2.0161830e-01   2.5131261e-01   1.0000000e+00  -1.1387132e+00   1.4886180e-02   2.7445373e-03
   1.9538451e-01   2.6483068e-01   1.0000000e+00  -1.3159036e+00   1.4127835e-02   3.1100750e-03
   1.9182229e-01   2.7850205e-01   1.0000000e+00  -1.5357134e+00   1.3958057e-02   4.0809113e-02
   1.9133271e-01   2.9245152e-01   1.0000000e+00   1.3876122e+00   1.4607446e-02   3.4493667e-03
   1.9399362e-01   3.0681456e-01   1.0000000e+00   1.1689344e+00   1.5909145e-02   3.9514419e-03
   2.0021620e-01   3.2145629e-01   1.0000000e+00   9.5939607e-01   1.8030741e-02   4.1453762e-03
   2.1056611e-01   3.3622068e-01   1.0000000e+00   8.0649770e-01   2.1126513e-02   4.4231030e-03
   2.2518631e-01   3.5147123e-01   1.0000000e+00   6.7512248e-01   2.4570412e-02   4.4400331e-03
   2.4436672e-01   3.6682756e-01   1.0000000e+00   5.7381214e-01   2.8247040e-02   4.5221649e-03
   2.6808965e-01   3.8216112e-01   1.0000000e+00   4.8481857e-01   3.2006130e-02   4.3086345e-03
   2.9640738e-01   3.9707750e-01   1.0000000e+00   4.1036284e-01   3.5595762e-02   4.2611148e-03
   3.2904784e-01   4.1127815e-01   1.0000000e+00   3.4400993e-01   3.9142395e-02   3.3817125e-03
   3.6589688e-01   4.2447950e-01   1.0000000e+00   2.8651756e-01   4.1666624e-02   2.6812149e-03
   4.0586492e-01   4.3625505e-01   1.0000000e+00   2.3312859e-01   4.3163401e-02   2.4252351e-03
   4.4786068e-01   4.4622677e-01   1.0000000e+00   1.7817311e-01   4.3668446e-02   2.2060373e-03
   4.9083781e-01   4.5396621e-01   1.0000000e+00   1.3062607e-01   4.2923089e-02   3.0206017e-03
   5.3339522e-01   4.5955716e-01   1.0000000e+00   7.2545952e-02   4.1217482e-02   3.5467878e-03
   5.7450429e-01   4.6254470e-01   1.0000000e+00   4.8298998e-03   3.9028979e-02   3.6596470e-03
   6.1353281e-01   4.6273320e-01   1.0000000e+00  -6.0464461e-02   3.6402419e-02   3.8300610e-03
   6.4986871e-01   4.6053349e-01   1.0000000e+00  -1.3261741e-01   3.3614831e-02   4.0588610e-03
   6.8318837e-01   4.5608863e-01   1.0000000e+00  -2.1787308e-01   3.0740596e-02   3.8225028e-03
   7.1320224e-01   4.4944395e-01   1.0000000e+00  -3.1030532e-01   2.8183675e-02   3.8400395e-03
   7.4003988e-01   4.4083808e-01   1.0000000e+00  -4.1287719e-01   2.5656052e-02   3.6689394e-03
   7.6354005e-01   4.3054368e-01   1.0000000e+00  -5.3033761e-01   2.3563324e-02   3.3726434e-03
   7.8386663e-01   4.1862477e-01   1.0000000e+00  -6.6448466e-01   2.2387265e-02   2.6013548e-03
   8.0149067e-01   4.0481959e-01   1.0000000e+00  -7.7733956e-01   2.1767764e-02   2.7499126e-03
   8.1700634e-01   3.8955199e-01   1.0000000e+00  -9.0366745e-01   2.1782032e-02   2.5000343e-03
   8.3048360e-01   3.7244000e-01   1.0000000e+00  -1.0183743e+00   2.1695848e-02   2.8100274e-03
   8.4186851e-01   3.5397127e-01   1.0000000e+00  -1.1476610e+00   2.1527590e-02   2.7644740e-03
   8.5070819e-01   3.3434229e-01   1.0000000e+00  -1.2746559e+00   2.1937642e-02   3.2401759e-03
   8.5711027e-01   3.1335959e-01   1.0000000e+00  -1.4210913e+00   2.2360640e-02   3.0823783e-03
   8.6044528e-01   2.9124905e-01   1.0000000e+00  -1.5569618e+00   2.2880919e-02   6.8522458e-02
   8.6076182e-01   2.6837032e-01   1.0000000e+00   1.4376574e+00   2.3502442e-02   3.2512338e-03
   8.5764197e-01   2.4507588e-01   1.0000000e+00   1.3042725e+00   2.4364476e-02   3.1744443e-03
   8.5122486e-01   2.2157166e-01   1.0000000e+00   1.1780805e+00   2.5154369e-02   4.1739047e-03
   8.4159831e-01   1.9833221e-01   1.0000000e+00   1.0209218e+00   2.6493574e-02   4.0198393e-03
   8.2775329e-01   1.7574405e-01   1.0000000e+00   8.8305962e-01   2.8172449e-02   4.4660543e-03
   8.0986971e-01   1.5397563e-01   1.0000000e+00   7.4288366e-01   3.0258175e-02   4.2473404e-03
   7.8758392e-01   1.3350856e-01   1.0000000e+00   6.2203087e-01   3.2418690e-02   3.6094438e-03
   7.6123736e-01   1.1461861e-01   1.0000000e+00   5.2723956e-01   3.4312018e-02   3.1040623e-03
   7.3158494e-01   9.7354533e-02   1.0000000e+00   4.4660383e-01   3.5719200e-02   2.2836625e-03
   6.9936911e-01   8.1927233e-02   1.0000000e+00   3.8273388e-01   3.5821201e-02   2.1061915e-03
   6.6613967e-01   6.8549521e-02   1.0000000e+00   3.2484675e-01   3.5452038e-02   1.8835863e-03
   6.3254179e-01   5.7234523e-02   1.0000000e+00   2.8742924e-01   3.4114793e-02   1.8288763e-03
   5.9982653e-01   4.7563393e-02   1.0000000e+00   2.5436906e-01   3.2675084e-02   1.1462152e-03
   5.6820285e-01   3.9341204e-02   1.0000000e+00   2.4290927e-01   3.1591757e-02   2.6900793e-03
   5.3753856e-01   3.1742517e-02   1.0000000e+00   2.3766216e-01   2.8906790e-02   3.3954829e-03
   5.0944431e-01   2.4936958e-02   1.0000000e+00   2.1985559e-01   2.5550549e-02   7.2448874e-02
   4.8450879e-01   1.9364673e-02   1.0000000e+00  -9.3485847e-01   9.1719863e-02   7.3275409e-03
