   0.0000000e+00   9.0793653e-01   1.0000000e+00   1.4353751e+00   4.6937202e-03   8.8297461e-03
   6.3368851e-04   9.1258727e-01   1.0000000e+00   7.6653442e-01   1.2946531e-02   1.1728503e-02
   9.9593193e-03   9.2156754e-01   1.0000000e+00   4.5491986e-01   2.3959341e-02   5.3424575e-03
   3.1481905e-02   9.3209505e-01   1.0000000e+00   3.6121726e-01   2.8807185e-02   4.3709136e-03
   5.8430086e-02   9.4227589e-01   1.0000000e+00   2.7917631e-01   3.2484055e-02   4.6914818e-03
   8.9656447e-02   9.5122732e-01   1.0000000e+00   3.0276545e-01   2.7855575e-02   5.0671896e-03
   1.1624503e-01   9.5953277e-01   1.0000000e+00   2.5335317e-01   3.2732245e-02   5.0132044e-03
   1.4793237e-01   9.6773715e-01   1.0000000e+00   1.9564958e-01   3.7376034e-02   4.1700659e-03
   1.8459533e-01   9.7500320e-01   1.0000000e+00   1.5557369e-01   4.1267796e-02   3.2807889e-03
   2.2536473e-01   9.8139751e-01   1.0000000e+00   1.2169324e-01   4.4235740e-02   2.8031484e-03
   2.6927332e-01   9.8676743e-01   1.0000000e+00   8.2370661e-02   4.6433900e-02   2.7935507e-03
   3.1554979e-01   9.9058789e-01   1.0000000e+00   4.2620664e-02   4.8530837e-02   3.3211843e-03
   3.6403655e-01   9.9265568e-01   1.0000000e+00   7.1416217e-03   5.1370832e-02   2.1283684e-03
   4.1540608e-01   9.9302255e-01   1.0000000e+00  -2.4827057e-02   5.2724694e-02   2.2237708e-03
   4.6811452e-01   9.9171369e-01   1.0000000e+00  -6.1997724e-02   5.3775548e-02   1.9030400e-03
   5.2178675e-01   9.8838186e-01   1.0000000e+00  -9.5643730e-02   5.4365359e-02   2.2343421e-03
   5.7590364e-01   9.8319008e-01   1.0000000e+00  -1.3487131e-01   5.3698868e-02   2.9891173e-03
   6.2911485e-01   9.7596958e-01   1.0000000e+00  -1.7519749e-01   5.1638392e-02   3.6278176e-03
   6.7996277e-01   9.6696887e-01   1.0000000e+00  -2.2153073e-01   4.8911370e-02   3.6354616e-03
   7.2767885e-01   9.5622191e-01   1.0000000e+00  -2.7331926e-01   4.6303641e-02   4.3954034e-03
   7.7226372e-01   9.4372322e-01   1.0000000e+00  -3.4622882e-01   4.3488975e-02   4.5951878e-03
   8.1317202e-01   9.2896511e-01   1.0000000e+00  -4.2144255e-01   4.0261512e-02   4.9237804e-03
   8.4991064e-01   9.1249504e-01   1.0000000e+00  -5.1535809e-01   3.7107740e-02   5.8151882e-03
   8.8219869e-01   8.9420662e-01   1.0000000e+00  -6.4102897e-01   3.3633626e-02   4.8508641e-03
   9.0915540e-01   8.7409303e-01   1.0000000e+00  -7.7101280e-01   3.1531721e-02   4.9439230e-03
   9.3177011e-01   8.5211977e-01   1.0000000e+00  -9.1725300e-01   2.9748700e-02   5.0928379e-03
   9.4985742e-01   8.2850125e-01   1.0000000e+00  -1.0872812e+00   2.9155040e-02   5.0659020e-03
   9.6341143e-01   8.0268836e-01   1.0000000e+00  -1.2609177e+00   2.8966149e-02   4.9249434e-03
   9.7224446e-01   7.7510186e-01   1.0000000e+00  -1.4300194e+00   2.9478472e-02   8.8293517e-02
   9.7638065e-01   7.4591501e-01   1.0000000e+00   1.5650111e+00   3.0379090e-02   5.1070024e-03
   9.7620490e-01   7.1553642e-01   1.0000000e+00   1.4100779e+00   3.2361050e-02   5.3622197e-03
   9.7102625e-01   6.8359242e-01   1.0000000e+00   1.2533136e+00   3.4098145e-02   5.0027765e-03
   9.6038162e-01   6.5119836e-01   1.0000000e+00   1.1231827e+00   3.6408734e-02   5.5785377e-03
   9.4462336e-01   6.1837652e-01   1.0000000e+00   9.9068820e-01   3.9210434e-02   5.0693936e-03
   9.2313156e-01   5.8558078e-01   1.0000000e+00   8.7965811e-01   4.1807636e-02   5.4839628e-03
   8.9648276e-01   5.5336712e-01   1.0000000e+00   7.6659016e-01   4.4587625e-02   5.0964876e-03
   8.6436718e-01   5.2243743e-01   1.0000000e+00   6.6878529e-01   4.7225210e-02   4.6083477e-03
   8.2731544e-01   4.9315622e-01   1.0000000e+00   5.7957047e-01   4.9092268e-02   3.8952656e-03
   7.8624004e-01   4.6627013e-01   1.0000000e+00   5.0349771e-01   5.0199506e-02   3.5719051e-03
   7.4227027e-01   4.4204926e-01   1.0000000e+00   4.3354756e-01   5.0853824e-02   3.0273700e-03
   6.9612139e-01   4.2068593e-01   1.0000000e+00   3.7410291e-01   5.1016663e-02   3.3788510e-03
   6.4863325e-01   4.0204253e-01   1.0000000e+00   3.1110800e-01   4.9973501e-02   3.0281524e-03
   6.0105873e-01   3.8674496e-01   1.0000000e+00   2.6392593e-01   4.8073439e-02   2.9617989e-03
   5.5464992e-01   3.7420392e-01   1.0000000e+00   2.1710391e-01   4.6148414e-02   3.6227877e-03
   5.0958482e-01   3.6426344e-01   1.0000000e+00   1.6981665e-01   4.3256623e-02   3.6952122e-03
   4.6695041e-01   3.5695300e-01   1.0000000e+00   1.1979604e-01   4.0261144e-02   3.8134583e-03
   4.2697782e-01   3.5214140e-01   1.0000000e+00   6.8981250e-02   3.7042927e-02   3.8080016e-03
   3.9002299e-01   3.4958816e-01   1.0000000e+00   1.5917895e-02   3.3781454e-02   3.6152325e-03
   3.5624581e-01   3.4905045e-01   1.0000000e+00  -4.6073368e-02   3.0834520e-02   3.9745887e-03
   3.2544401e-01   3.5047060e-01   1.0000000e+00  -1.1346765e-01   2.7446456e-02   3.4012309e-03
   2.9817405e-01   3.5357820e-01   1.0000000e+00  -1.8921653e-01   2.4754622e-02   3.2720388e-03
   2.7386125e-01   3.5823429e-01   1.0000000e+00  -2.7227501e-01   2.2209279e-02   2.6018185e-03
   2.5247013e-01   3.6420688e-01   1.0000000e+00  -3.5349205e-01   2.0334215e-02   3.1231470e-03
   2.3339319e-01   3.7124610e-01   1.0000000e+00  -4.6955877e-01   1.8288768e-02   2.8910077e-03
   2.1708385e-01   3.7952164e-01   1.0000000e+00  -5.9864653e-01   1.6620151e-02   2.3107186e-03
   2.0335396e-01   3.8888750e-01   1.0000000e+00  -7.1770037e-01   1.5426754e-02   2.2456713e-03
   1.9173267e-01   3.9903297e-01   1.0000000e+00  -8.4596080e-01   1.4364673e-02   2.1229778e-03
   1.8220872e-01   4.0978649e-01   1.0000000e+00  -9.7176975e-01   1.3250650e-02   1.8177137e-03
   1.7473749e-01   4.2073000e-01   1.0000000e+00  -1.0981432e+00   1.2543523e-02   1.8834925e-03
   1.6902705e-01   4.3189830e-01   1.0000000e+00  -1.2332314e+00   1.1721163e-02   2.3589348e-03
   1.6514511e-01   4.4295796e-01   1.0000000e+00  -1.4201744e+00   1.0847515e-02   2.9873014e-02
   1.6351741e-01   4.5368266e-01   1.0000000e+00   1.3337065e+00   1.0725314e-02   4.0750795e-03
   1.6603652e-01   4.6410794e-01   1.0000000e+00   9.7499499e-01   1.2068670e-02   5.0310995e-03
   1.7280912e-01   4.7409717e-01   1.0000000e+00   6.8050267e-01   1.5629585e-02   5.0303550e-03
   1.8495732e-01   4.8393105e-01   1.0000000e+00   4.9926119e-01   1.9786521e-02   5.0434933e-03
   2.0232862e-01   4.9340438e-01   1.0000000e+00   3.7345872e-01   2.4172948e-02   5.7410764e-03
   2.2483536e-01   5.0222359e-01   1.0000000e+00   2.8972875e-01   2.9545413e-02   6.0262835e-03
   2.5314936e-01   5.1066449e-01   1.0000000e+00   2.1901742e-01   3.5197966e-02   5.9480713e-03
   2.8750649e-01   5.1831197e-01   1.0000000e+00   1.7130492e-01   4.0904035e-02   5.9208166e-03
   3.2781182e-01   5.2528481e-01   1.0000000e+00   1.3122143e-01   4.6593311e-02   5.0392282e-03
   3.7400456e-01   5.3138132e-01   1.0000000e+00   1.0436832e-01   5.1474743e-02   3.3233839e-03
   4.2519921e-01   5.3674391e-01   1.0000000e+00   8.6289698e-02   5.4665179e-02   1.8961607e-03
   4.7966100e-01   5.4145510e-01   1.0000000e+00   5.6550061e-02   5.5641115e-02   1.7229134e-03
   5.3521317e-01   5.4459993e-01   1.0000000e+00   2.6197305e-02   5.5300265e-02   3.1261133e-03
   5.9049446e-01   5.4604848e-01   1.0000000e+00  -1.7164565e-02   5.3294636e-02   3.7275131e-03
   6.4378125e-01   5.4513375e-01   1.0000000e+00  -6.5291261e-02   5.0589886e-02   3.9840202e-03
   6.9426334e-01   5.4183302e-01   1.0000000e+00  -1.1325001e-01   4.7429849e-02   4.5037124e-03
   7.4138936e-01   5.3647306e-01   1.0000000e+00  -1.7907610e-01   4.4183962e-02   5.2579619e-03
   7.8486676e-01   5.2860299e-01   1.0000000e+00  -2.5961797e-01   4.0313289e-02   5.4356655e-03
   8.2382907e-01   5.1825411e-01   1.0000000e+00  -3.5835102e-01   3.6611393e-02   5.7825898e-03
   8.5811478e-01   5.0541338e-01   1.0000000e+00  -4.8739773e-01   3.3277222e-02   5.8255133e-03
   8.8751702e-01   4.8982872e-01   1.0000000e+00  -6.4665721e-01   3.0858618e-02   5.3775309e-03
   9.1214536e-01   4.7123572e-01   1.0000000e+00  -8.1790312e-01   2.9862211e-02   4.7152880e-03
   9.3256373e-01   4.4944486e-01   1.0000000e+00  -9.7377713e-01   2.9109010e-02   5.2484392e-03
   9.4892823e-01   4.2537127e-01   1.0000000e+00  -1.1533768e+00   2.8645902e-02   4.9089021e-03
   9.6054136e-01   3.9918496e-01   1.0000000e+00  -1.3244926e+00   2.8910449e-02   4.9417596e-03
   9.6759033e-01   3.7114702e-01   1.0000000e+00  -1.4940661e+00   2.9532570e-02   8.8071292e-02
   9.6985415e-01   3.4170135e-01   1.0000000e+00   1.4878180e+00   3.0762752e-02   6.3646334e-03
   9.6730444e-01   3.1104444e-01   1.0000000e+00   1.2908864e+00   3.2713973e-02   5.9668775e-03
   9.5826658e-01   2.7960368e-01   1.0000000e+00   1.1239080e+00   3.5114897e-02   5.8808535e-03
   9.4309127e-01   2.4793720e-01   1.0000000e+00   9.7580331e-01   3.7860321e-02   5.6830416e-03
   9.2187045e-01   2.1658309e-01   1.0000000e+00   8.4750818e-01   4.0810516e-02   5.0945713e-03
   8.9485988e-01   1.8599016e-01   1.0000000e+00   7.3539857e-01   4.3051438e-02   5.0376697e-03
   8.6293451e-01   1.5710769e-01   1.0000000e+00   6.2949247e-01   4.5193843e-02   3.9578871e-03
   8.2640313e-01   1.3050051e-01   1.0000000e+00   5.4661990e-01   4.6473442e-02   3.1551946e-03
   7.8670150e-01   1.0634349e-01   1.0000000e+00   4.7876888e-01   4.6583615e-02   3.0865381e-03
   7.4535562e-01   8.4883034e-02   1.0000000e+00   4.1257256e-01   4.6450444e-02   2.7883768e-03
   7.0280272e-01   6.6257923e-02   1.0000000e+00   3.5299091e-01   4.6110638e-02   2.8703466e-03
   6.5953513e-01   5.0317206e-02   1.0000000e+00   3.0609603e-01   4.4223015e-02   4.0382274e-03
