   0.0000000e+00   8.9031591e-01   1.0000000e+00   6.4463727e-01   2.1756961e-02   4.4322549e-03
   1.7390726e-02   9.0338986e-01   1.0000000e+00   4.8999799e-01   2.4642295e-02   3.4731927e-03
   3.9133456e-02   9.1498712e-01   1.0000000e+00   4.1355101e-01   2.7560215e-02   3.5084075e-03
   6.4370333e-02   9.2606256e-01   1.0000000e+00   3.6325448e-01   3.0783167e-02   4.8475014e-03
   9.3144756e-02   9.3700038e-01   1.0000000e+00   2.8207231e-01   3.4936846e-02   1.9526030e-03
   1.2670092e-01   9.4672494e-01   1.0000000e+00   2.9938692e-01   3.3080308e-02   2.6882898e-03
   1.5830973e-01   9.5648146e-01   1.0000000e+00   2.4948847e-01   3.5202155e-02   2.6654052e-03
   1.9242199e-01   9.6517316e-01   1.0000000e+00   2.0646727e-01   3.7395522e-02   1.9532241e-03
   2.2902328e-01   9.7283937e-01   1.0000000e+00   1.7068465e-01   3.8818388e-02   1.6395037e-03
   2.6727758e-01   9.7943295e-01   1.0000000e+00   1.4196339e-01   4.0020445e-02   1.4455521e-03
   3.0689543e-01   9.8509533e-01   1.0000000e+00   1.1185511e-01   4.0819021e-02   1.6372915e-03
   3.4745936e-01   9.8965163e-01   1.0000000e+00   7.1744532e-02   4.0826494e-02   1.6691352e-03
   3.8818083e-01   9.9257819e-01   1.0000000e+00   3.1735984e-02   4.0483000e-02   1.7997972e-03
   4.2864344e-01   9.9386274e-01   1.0000000e+00  -1.1455614e-02   4.0056470e-02   2.0727927e-03
   4.6869728e-01   9.9340388e-01   1.0000000e+00  -5.4656959e-02   3.8915478e-02   2.3159741e-03
   5.0755465e-01   9.9127794e-01   1.0000000e+00  -1.0250796e-01   3.7538469e-02   2.5390344e-03
   5.4489606e-01   9.8743668e-01   1.0000000e+00  -1.5211724e-01   3.5812579e-02   2.2081871e-03
   5.8029510e-01   9.8200996e-01   1.0000000e+00  -2.0476424e-01   3.4663116e-02   2.2891520e-03
   6.1423406e-01   9.7496169e-01   1.0000000e+00  -2.5872782e-01   3.3343543e-02   2.4846887e-03
   6.4646781e-01   9.6643071e-01   1.0000000e+00  -3.2204967e-01   3.2033667e-02   2.8110961e-03
   6.7685458e-01   9.5629169e-01   1.0000000e+00  -4.0141941e-01   3.0834527e-02   2.5844940e-03
   7.0523799e-01   9.4424386e-01   1.0000000e+00  -4.8324827e-01   3.0274793e-02   1.9632483e-03
   7.3204602e-01   9.3017643e-01   1.0000000e+00  -5.4792701e-01   3.0416389e-02   2.1442549e-03
   7.5800964e-01   9.1433197e-01   1.0000000e+00  -6.1830611e-01   3.0292590e-02   2.4608124e-03
   7.8269391e-01   8.9677269e-01   1.0000000e+00  -6.9941601e-01   3.0156183e-02   2.5944879e-03
   8.0576997e-01   8.7735902e-01   1.0000000e+00  -7.8545049e-01   3.0147004e-02   3.0024488e-03
   8.2708600e-01   8.5604075e-01   1.0000000e+00  -8.8497429e-01   3.0259397e-02   3.1641398e-03
   8.4624957e-01   8.3262304e-01   1.0000000e+00  -9.8943765e-01   3.0400359e-02   3.1797194e-03
   8.6294422e-01   8.0721694e-01   1.0000000e+00  -1.0936999e+00   3.0653704e-02   3.9238866e-03
   8.7702046e-01   7.7998627e-01   1.0000000e+00  -1.2216285e+00   3.0516440e-02   4.1162203e-03
   8.8746062e-01   7.5131126e-01   1.0000000e+00  -1.3565117e+00   3.0539797e-02   3.9442386e-03
   8.9395486e-01   7.2146995e-01   1.0000000e+00  -1.4846694e+00   3.1027979e-02   9.3259415e-02
   8.9662390e-01   6.9055698e-01   1.0000000e+00   1.5209696e+00   3.1337249e-02   4.8323689e-03
   8.9506312e-01   6.5925862e-01   1.0000000e+00   1.3674735e+00   3.1800148e-02   4.7619300e-03
   8.8864188e-01   6.2811353e-01   1.0000000e+00   1.2218224e+00   3.2906090e-02   4.9887496e-03
   8.7739017e-01   5.9719088e-01   1.0000000e+00   1.0739930e+00   3.4012603e-02   5.4252070e-03
   8.6117916e-01   5.6729004e-01   1.0000000e+00   9.2256263e-01   3.5716951e-02   4.8262883e-03
   8.3961401e-01   5.3881822e-01   1.0000000e+00   7.9697678e-01   3.7498230e-02   5.1341240e-03
   8.1340753e-01   5.1199774e-01   1.0000000e+00   6.7725523e-01   3.9989214e-02   4.9848424e-03
   7.8224411e-01   4.8693824e-01   1.0000000e+00   5.7150767e-01   4.2628575e-02   4.1075972e-03
   7.4638980e-01   4.6388042e-01   1.0000000e+00   4.9089967e-01   4.4879098e-02   2.9269648e-03
   7.0681051e-01   4.4272353e-01   1.0000000e+00   4.3224426e-01   4.6158780e-02   3.0450494e-03
   6.6489705e-01   4.2338717e-01   1.0000000e+00   3.6930652e-01   4.7071221e-02   2.5345750e-03
   6.2099947e-01   4.0639593e-01   1.0000000e+00   3.1749636e-01   4.7761499e-02   2.1086755e-03
   5.7562509e-01   3.9148531e-01   1.0000000e+00   2.7347604e-01   4.7599929e-02   2.2340118e-03
   5.2979408e-01   3.7862953e-01   1.0000000e+00   2.3247426e-01   4.6512847e-02   2.1732942e-03
   4.8453246e-01   3.6791362e-01   1.0000000e+00   1.9925281e-01   4.4984616e-02   3.2426831e-03
   4.4043787e-01   3.5900951e-01   1.0000000e+00   1.6773987e-01   4.2068212e-02   3.3946372e-03
   3.9896010e-01   3.5198603e-01   1.0000000e+00   1.2754083e-01   3.9124789e-02   4.5132146e-03
   3.6015310e-01   3.4700954e-01   1.0000000e+00   8.1440086e-02   3.4987660e-02   4.2145678e-03
   3.2528140e-01   3.4416329e-01   1.0000000e+00   2.8320706e-02   3.1205006e-02   4.7800410e-03
   2.9408891e-01   3.4327966e-01   1.0000000e+00  -4.4133632e-02   2.6993480e-02   4.2585656e-03
   2.6712171e-01   3.4447060e-01   1.0000000e+00  -1.3699554e-01   2.3550805e-02   4.1365834e-03
   2.4379156e-01   3.4768687e-01   1.0000000e+00  -2.4500109e-01   2.0288700e-02   4.4599938e-03
   2.2410874e-01   3.5260805e-01   1.0000000e+00  -4.0313347e-01   1.7190579e-02   3.7306975e-03
   2.0829622e-01   3.5935195e-01   1.0000000e+00  -5.7654350e-01   1.4947450e-02   3.3285982e-03
   1.9576500e-01   3.6750025e-01   1.0000000e+00  -7.8377018e-01   1.3728846e-02   2.8703099e-03
   1.8604145e-01   3.7719219e-01   1.0000000e+00  -9.9016455e-01   1.3270984e-02   3.2278857e-03
   1.7876162e-01   3.8828828e-01   1.0000000e+00  -1.2323458e+00   1.2971722e-02   3.3413090e-03
   1.7445467e-01   4.0052412e-01   1.0000000e+00  -1.4871603e+00   1.3460379e-02   3.8667507e-02
   1.7333021e-01   4.1393744e-01   1.0000000e+00   1.3847520e+00   1.4360529e-02   3.6116220e-03
   1.7598652e-01   4.2805016e-01   1.0000000e+00   1.1604191e+00   1.5993165e-02   3.5293864e-03
   1.8236708e-01   4.4271542e-01   1.0000000e+00   9.7019880e-01   1.7782420e-02   3.6050673e-03
   1.9241656e-01   4.5738588e-01   1.0000000e+00   8.1013956e-01   1.9994981e-02   3.7870268e-03
   2.0620104e-01   4.7186992e-01   1.0000000e+00   6.7517739e-01   2.2651918e-02   4.1775340e-03
   2.2388304e-01   4.8602818e-01   1.0000000e+00   5.5074811e-01   2.5735341e-02   4.5821450e-03
   2.4581298e-01   4.9949612e-01   1.0000000e+00   4.4996133e-01   2.9512688e-02   5.3712062e-03
   2.7238809e-01   5.1233209e-01   1.0000000e+00   3.5213400e-01   3.4041952e-02   5.5385982e-03
   3.0434119e-01   5.2407322e-01   1.0000000e+00   2.6800687e-01   3.8782672e-02   4.7688790e-03
   3.4173934e-01   5.3434326e-01   1.0000000e+00   2.0594444e-01   4.2899565e-02   3.7717963e-03
   3.8373237e-01   5.4311586e-01   1.0000000e+00   1.4930868e-01   4.5784570e-02   3.0764218e-03
   4.2900754e-01   5.4992653e-01   1.0000000e+00   1.0106265e-01   4.7925838e-02   2.9906370e-03
   4.7668884e-01   5.5476180e-01   1.0000000e+00   4.7841902e-02   4.9487279e-02   2.7675991e-03
   5.2611950e-01   5.5712846e-01   1.0000000e+00   6.5932791e-04   5.0973103e-02   2.8640895e-03
   5.7709259e-01   5.5716207e-01   1.0000000e+00  -5.5153338e-02   5.1303705e-02   2.7035777e-03
   6.2831828e-01   5.5433393e-01   1.0000000e+00  -1.0766556e-01   5.1077185e-02   3.2341096e-03
   6.7909971e-01   5.4884530e-01   1.0000000e+00  -1.6395011e-01   4.9595745e-02   3.6456624e-03
   7.2803039e-01   5.4075045e-01   1.0000000e+00  -2.2867049e-01   4.7867254e-02   4.9431532e-03
   7.7465160e-01   5.2989976e-01   1.0000000e+00  -3.1162705e-01   4.4923328e-02   5.3549710e-03
   8.1741124e-01   5.1612593e-01   1.0000000e+00  -4.0442784e-01   4.1562403e-02   6.1087355e-03
   8.5562070e-01   4.9977142e-01   1.0000000e+00  -5.2301451e-01   3.7953511e-02   5.6106542e-03
   8.8850049e-01   4.8081387e-01   1.0000000e+00  -6.5176430e-01   3.5196430e-02   6.1575156e-03
   9.1648217e-01   4.5946407e-01   1.0000000e+00  -8.0890175e-01   3.2489660e-02   6.4843987e-03
   9.3890957e-01   4.3595684e-01   1.0000000e+00  -9.9141960e-01   2.9866074e-02   6.3907357e-03
   9.5526132e-01   4.1096479e-01   1.0000000e+00  -1.1997964e+00   2.8413208e-02   5.5048492e-03
   9.6556246e-01   3.8448466e-01   1.0000000e+00  -1.3910354e+00   2.7531091e-02   8.0893241e-02
   9.7048486e-01   3.5739720e-01   1.0000000e+00   1.5472129e+00   2.7433378e-02   5.3116058e-03
   9.6983795e-01   3.2997145e-01   1.0000000e+00   1.3559175e+00   2.8253696e-02   4.9612778e-03
   9.6381344e-01   3.0236752e-01   1.0000000e+00   1.1891468e+00   2.9806887e-02   4.7686458e-03
   9.5271181e-01   2.7470520e-01   1.0000000e+00   1.0404607e+00   3.1567144e-02   4.6062808e-03
   9.3674443e-01   2.4747420e-01   1.0000000e+00   9.0858936e-01   3.3539174e-02   4.7050270e-03
   9.1612257e-01   2.2102396e-01   1.0000000e+00   7.8819050e-01   3.5953963e-02   4.4062201e-03
   8.9077037e-01   1.9552978e-01   1.0000000e+00   6.8908279e-01   3.8545789e-02   3.9101436e-03
   8.6101959e-01   1.7102122e-01   1.0000000e+00   6.0406790e-01   4.0679030e-02   3.3411217e-03
   8.2753945e-01   1.4791573e-01   1.0000000e+00   5.3344739e-01   4.2384980e-02   3.3338207e-03
   7.9104347e-01   1.2636277e-01   1.0000000e+00   4.6507793e-01   4.4033280e-02   2.9489051e-03
   7.5168712e-01   1.0661417e-01   1.0000000e+00   4.0482671e-01   4.5320649e-02   2.1237837e-03
   7.1002971e-01   8.8764207e-02   1.0000000e+00   3.6065617e-01   4.6029948e-02   1.7559453e-03
   6.6696107e-01   7.2520778e-02   1.0000000e+00   3.2254846e-01   4.5949387e-02   2.0114819e-03
