   0.0000000e+00   8.4218751e-01   1.0000000e+00   1.2772717e+00   1.0153205e-02   1.0484493e-02
   2.9376058e-03   8.5190646e-01   1.0000000e+00   7.3127000e-01   1.9052213e-02   7.8569672e-03
   1.7118680e-02   8.6462982e-01   1.0000000e+00   5.6562605e-01   2.6247512e-02   4.6860554e-03
   3.9278227e-02   8.7869703e-01   1.0000000e+00   4.7625356e-01   3.0304150e-02   3.9531250e-03
   6.6210093e-02   8.9259006e-01   1.0000000e+00   4.0970822e-01   3.3704227e-02   2.5325009e-03
   9.7124860e-02   9.0601586e-01   1.0000000e+00   4.2850283e-01   3.1252230e-02   5.1901500e-03
   1.2555154e-01   9.1900145e-01   1.0000000e+00   3.6522712e-01   3.6050888e-02   4.2031236e-03
   1.5922461e-01   9.3187744e-01   1.0000000e+00   3.1415680e-01   3.9829312e-02   3.5203590e-03
   1.9710456e-01   9.4418528e-01   1.0000000e+00   2.6538179e-01   4.2765115e-02   3.1074452e-03
   2.3837258e-01   9.5540162e-01   1.0000000e+00   2.2124790e-01   4.5233712e-02   2.9324898e-03
   2.8250369e-01   9.6532803e-01   1.0000000e+00   1.7914879e-01   4.7463766e-02   2.3799597e-03
   3.2920783e-01   9.7378570e-01   1.0000000e+00   1.4319705e-01   4.9122799e-02   2.5950315e-03
   3.7782785e-01   9.8079592e-01   1.0000000e+00   9.4375894e-02   5.0114098e-02   2.1396847e-03
   4.2771894e-01   9.8551847e-01   1.0000000e+00   5.3561320e-02   5.0742309e-02   2.2353847e-03
   4.7838848e-01   9.8823500e-01   1.0000000e+00   9.5348026e-03   5.0820775e-02   2.9368579e-03
   5.2920694e-01   9.8871955e-01   1.0000000e+00  -4.0762754e-02   4.9374684e-02   3.4440417e-03
   5.7854061e-01   9.8670746e-01   1.0000000e+00  -9.5770767e-02   4.7256962e-02   3.7130901e-03
   6.2558102e-01   9.8218854e-01   1.0000000e+00  -1.5100407e-01   4.4616107e-02   3.8032492e-03
   6.6968942e-01   9.7547690e-01   1.0000000e+00  -2.1140730e-01   4.1932470e-02   3.5926798e-03
   7.1068833e-01   9.6667796e-01   1.0000000e+00  -2.7512622e-01   3.9530732e-02   3.7122338e-03
   7.4873234e-01   9.5593871e-01   1.0000000e+00  -3.5393523e-01   3.7512044e-02   4.0379272e-03
   7.8391924e-01   9.4293734e-01   1.0000000e+00  -4.4748049e-01   3.5514231e-02   3.9897352e-03
   8.1593675e-01   9.2757049e-01   1.0000000e+00  -5.5304112e-01   3.4149057e-02   3.5949575e-03
   8.4499524e-01   9.0963277e-01   1.0000000e+00  -6.5158007e-01   3.2883983e-02   4.1416845e-03
   8.7114217e-01   8.8969049e-01   1.0000000e+00  -7.7441477e-01   3.1968748e-02   3.5591718e-03
   8.9399440e-01   8.6733481e-01   1.0000000e+00  -8.8511287e-01   3.1589231e-02   3.7907584e-03
   9.1399677e-01   8.4288517e-01   1.0000000e+00  -1.0050287e+00   3.1445932e-02   2.9459888e-03
   9.3085380e-01   8.1633923e-01   1.0000000e+00  -1.0981646e+00   3.1764223e-02   3.3518344e-03
   9.4531386e-01   7.8805721e-01   1.0000000e+00  -1.2017771e+00   3.2399036e-02   3.5724546e-03
   9.5700022e-01   7.5783923e-01   1.0000000e+00  -1.3100052e+00   3.3082398e-02   3.9317134e-03
   9.6553036e-01   7.2587547e-01   1.0000000e+00  -1.4269522e+00   3.3782464e-02   4.3626033e-03
   9.7037303e-01   6.9244190e-01   1.0000000e+00  -1.5558867e+00   3.4027311e-02   1.0261215e-01
   9.7088034e-01   6.5841837e-01   1.0000000e+00   1.4596232e+00   3.4737160e-02   4.1295399e-03
   9.6702645e-01   6.2389566e-01   1.0000000e+00   1.3408741e+00   3.4930578e-02   4.0533816e-03
   9.5906571e-01   5.8988431e-01   1.0000000e+00   1.2248824e+00   3.5048787e-02   3.9728824e-03
   9.4718219e-01   5.5691160e-01   1.0000000e+00   1.1115434e+00   3.5111072e-02   4.0487477e-03
   9.3161820e-01   5.2543860e-01   1.0000000e+00   9.9630366e-01   3.5254952e-02   3.9913039e-03
   9.1246035e-01   4.9584320e-01   1.0000000e+00   8.8326750e-01   3.5477681e-02   4.2624207e-03
   8.8994517e-01   4.6842545e-01   1.0000000e+00   7.6548485e-01   3.6318557e-02   3.7420573e-03
   8.6375780e-01   4.4326081e-01   1.0000000e+00   6.6349411e-01   3.6849798e-02   3.3647996e-03
   8.3472587e-01   4.2056600e-01   1.0000000e+00   5.7299016e-01   3.7296232e-02   3.1892464e-03
   8.0338645e-01   4.0034596e-01   1.0000000e+00   4.8755090e-01   3.7427043e-02   2.5123390e-03
   7.7032030e-01   3.8281275e-01   1.0000000e+00   4.2186226e-01   3.6909868e-02   2.7263872e-03
   7.3664640e-01   3.6769963e-01   1.0000000e+00   3.5062910e-01   3.6188439e-02   2.2337911e-03
   7.0265978e-01   3.5526931e-01   1.0000000e+00   2.9160882e-01   3.5534252e-02   2.0332639e-03
   6.6862569e-01   3.4505344e-01   1.0000000e+00   2.4037088e-01   3.4629152e-02   2.0630401e-03
   6.3499213e-01   3.3680953e-01   1.0000000e+00   1.9613939e-01   3.3247113e-02   1.8540477e-03
   6.0238249e-01   3.3033019e-01   1.0000000e+00   1.6231789e-01   3.1772980e-02   2.5030361e-03
   5.7102716e-01   3.2519549e-01   1.0000000e+00   1.1411268e-01   2.9793253e-02   2.2611653e-03
   5.4142767e-01   3.2180307e-01   1.0000000e+00   6.5468641e-02   2.8057597e-02   2.2956248e-03
   5.1343019e-01   3.1996749e-01   1.0000000e+00   8.9273018e-03   2.6398325e-02   2.8050282e-03
   4.8703291e-01   3.1973183e-01   1.0000000e+00  -6.4207958e-02   2.4363434e-02   2.8823074e-03
   4.6271968e-01   3.2129508e-01   1.0000000e+00  -1.4192659e-01   2.2190330e-02   2.4152403e-03
   4.4075247e-01   3.2443392e-01   1.0000000e+00  -2.2131424e-01   2.0538054e-02   2.4058493e-03
   4.2071534e-01   3.2894227e-01   1.0000000e+00  -3.0908323e-01   1.8944715e-02   2.1751537e-03
   4.0266836e-01   3.3470497e-01   1.0000000e+00  -4.0594349e-01   1.7776766e-02   2.1633759e-03
   3.8633631e-01   3.4172476e-01   1.0000000e+00  -5.0838601e-01   1.6608947e-02   2.3461467e-03
   3.7182787e-01   3.4980947e-01   1.0000000e+00  -6.2828170e-01   1.5368397e-02   2.2410345e-03
   3.5939425e-01   3.5884233e-01   1.0000000e+00  -7.5904072e-01   1.4376470e-02   1.7837787e-03
   3.4896417e-01   3.6873658e-01   1.0000000e+00  -8.6401805e-01   1.3425591e-02   2.8360750e-03
   3.4024576e-01   3.7894618e-01   1.0000000e+00  -1.0480166e+00   1.2032396e-02   3.1456160e-03
   3.3423810e-01   3.8937147e-01   1.0000000e+00  -1.2999065e+00   1.1190424e-02   3.1645347e-02
   3.3124367e-01   4.0015381e-01   1.0000000e+00   1.5277114e+00   1.0747130e-02   2.9664506e-03
   3.3170656e-01   4.1089097e-01   1.0000000e+00   1.2579811e+00   1.1376917e-02   3.0156988e-03
   3.3520768e-01   4.2171577e-01   1.0000000e+00   1.0254487e+00   1.2824592e-02   3.2857481e-03
   3.4185999e-01   4.3268012e-01   1.0000000e+00   8.2686925e-01   1.4900756e-02   3.8108839e-03
   3.5195053e-01   4.4364432e-01   1.0000000e+00   6.5548785e-01   1.7729428e-02   4.0863387e-03
   3.6600554e-01   4.5445122e-01   1.0000000e+00   5.2968253e-01   2.1153348e-02   3.8522165e-03
   3.8426020e-01   4.6513915e-01   1.0000000e+00   4.3777354e-01   2.4478965e-02   3.9660052e-03
   4.0643074e-01   4.7551637e-01   1.0000000e+00   3.6524966e-01   2.8025438e-02   3.5350303e-03
   4.3260747e-01   4.8552657e-01   1.0000000e+00   3.0921454e-01   3.1192496e-02   3.2116462e-03
   4.6232059e-01   4.9501877e-01   1.0000000e+00   2.5858458e-01   3.3989023e-02   2.2138476e-03
   4.9517958e-01   5.0371019e-01   1.0000000e+00   2.1718024e-01   3.5698013e-02   1.5933244e-03
   5.3003901e-01   5.1140229e-01   1.0000000e+00   1.8654909e-01   3.6856893e-02   2.2366925e-03
   5.6625644e-01   5.1823810e-01   1.0000000e+00   1.3674140e-01   3.8134700e-02   1.9833407e-03
   6.0403517e-01   5.2343645e-01   1.0000000e+00   8.5191810e-02   3.8397683e-02   2.0421739e-03
   6.4229360e-01   5.2670367e-01   1.0000000e+00   3.5530660e-02   3.7666719e-02   2.3467124e-03
   6.7993654e-01   5.2804171e-01   1.0000000e+00  -1.5984565e-02   3.6346920e-02   2.8636982e-03
   7.1627882e-01   5.2746074e-01   1.0000000e+00  -7.8632676e-02   3.4610332e-02   2.8201741e-03
   7.5078221e-01   5.2474204e-01   1.0000000e+00  -1.4202000e-01   3.2838221e-02   3.1354063e-03
   7.8328982e-01   5.2009402e-01   1.0000000e+00  -2.1978666e-01   3.1019074e-02   2.9712367e-03
   8.1356270e-01   5.1333120e-01   1.0000000e+00  -3.0278421e-01   2.9535781e-02   3.3764093e-03
   8.4175489e-01   5.0452425e-01   1.0000000e+00  -4.0089089e-01   2.7802656e-02   2.9726272e-03
   8.6735318e-01   4.9367458e-01   1.0000000e+00  -5.0226998e-01   2.6858219e-02   3.4603109e-03
   8.9089419e-01   4.8074459e-01   1.0000000e+00  -6.2646062e-01   2.5937389e-02   3.5926351e-03
   9.1190627e-01   4.6553799e-01   1.0000000e+00  -7.6008707e-01   2.4991652e-02   3.6478665e-03
   9.3001962e-01   4.4831913e-01   1.0000000e+00  -9.0526381e-01   2.4613436e-02   2.9876391e-03
   9.4521788e-01   4.2895849e-01   1.0000000e+00  -1.0248989e+00   2.5118547e-02   3.8336692e-03
   9.5825906e-01   4.0749063e-01   1.0000000e+00  -1.1754221e+00   2.5752298e-02   3.9890966e-03
   9.6817765e-01   3.8372506e-01   1.0000000e+00  -1.3287281e+00   2.6323542e-02   4.7945301e-03
   9.7448769e-01   3.5816900e-01   1.0000000e+00  -1.5084575e+00   2.7100762e-02   8.0792031e-02
   9.7617603e-01   3.3112088e-01   1.0000000e+00   1.4723572e+00   2.8351408e-02   4.0730306e-03
   9.7338965e-01   3.0290673e-01   1.0000000e+00   1.3344211e+00   2.9489888e-02   3.8042250e-03
   9.6648370e-01   2.7423686e-01   1.0000000e+00   1.2111491e+00   3.0611000e-02   4.2851207e-03
   9.5571034e-01   2.4558432e-01   1.0000000e+00   1.0778785e+00   3.1922313e-02   3.8772961e-03
   9.4060475e-01   2.1746217e-01   1.0000000e+00   9.6220827e-01   3.3105176e-02   4.0455530e-03
   9.2167820e-01   1.9030083e-01   1.0000000e+00   8.4560456e-01   3.4315739e-02   4.0749303e-03
   8.9891730e-01   1.6461988e-01   1.0000000e+00   7.3030109e-01   3.5290107e-02   4.3152885e-03
   8.7262710e-01   1.4107806e-01   1.0000000e+00   6.1479481e-01   3.6706466e-02   3.7454181e-03
