   0.0000000e+00   8.7188308e-01   1.0000000e+00   6.3477392e-01   7.6430462e-02   3.0544043e-02
   6.1542250e-02   9.1720600e-01   1.0000000e+00   4.1074624e-01   5.1137040e-02   6.3984844e-03
   1.0842587e-01   9.3762469e-01   1.0000000e+00   2.9531730e-01   4.8667465e-02   4.1825513e-03
   1.5498651e-01   9.5178904e-01   1.0000000e+00   2.0937716e-01   4.8644578e-02   3.6663878e-03
   2.0256872e-01   9.6189985e-01   1.0000000e+00   1.3908399e-01   4.9967541e-02   4.4633097e-03
   2.5205375e-01   9.6882715e-01   1.0000000e+00   2.2304176e-01   5.1491266e-02   6.6048307e-03
   3.0226953e-01   9.8021686e-01   1.0000000e+00   1.0852725e-01   4.8515512e-02   2.5477698e-03
   3.5049961e-01   9.8547179e-01   1.0000000e+00   5.7496452e-02   4.9116858e-02   2.4618348e-03
   3.9953530e-01   9.8829428e-01   1.0000000e+00   8.1206880e-03   4.9540085e-02   2.6344974e-03
   4.4907375e-01   9.8869657e-01   1.0000000e+00  -4.5049765e-02   4.9587604e-02   2.3301567e-03
   4.9861105e-01   9.8646342e-01   1.0000000e+00  -9.0444050e-02   4.8985394e-02   2.6398756e-03
   5.4739623e-01   9.8203902e-01   1.0000000e+00  -1.4388002e-01   4.8643037e-02   2.6460854e-03
   5.9553664e-01   9.7506438e-01   1.0000000e+00  -1.9529016e-01   4.7778144e-02   2.9704577e-03
   6.4240659e-01   9.6579298e-01   1.0000000e+00  -2.5128671e-01   4.6487488e-02   3.5267783e-03
   6.8743406e-01   9.5423384e-01   1.0000000e+00  -3.1485342e-01   4.4562441e-02   3.8651476e-03
   7.2980589e-01   9.4043387e-01   1.0000000e+00  -3.9191375e-01   4.2788453e-02   3.6919646e-03
   7.6935011e-01   9.2409049e-01   1.0000000e+00  -4.7007650e-01   4.1224749e-02   4.0325968e-03
   8.0610336e-01   9.0541756e-01   1.0000000e+00  -5.5785510e-01   3.9445086e-02   3.8740052e-03
   8.3956828e-01   8.8453660e-01   1.0000000e+00  -6.4589422e-01   3.7728054e-02   4.2448798e-03
   8.6969646e-01   8.6182760e-01   1.0000000e+00  -7.4925802e-01   3.6051383e-02   3.6738337e-03
   8.9609308e-01   8.3727316e-01   1.0000000e+00  -8.4588604e-01   3.4884434e-02   3.9295308e-03
   9.1922385e-01   8.1116011e-01   1.0000000e+00  -9.5454144e-01   3.3847991e-02   3.8227555e-03
   9.3878741e-01   7.8353850e-01   1.0000000e+00  -1.0643639e+00   3.2956153e-02   4.3706564e-03
   9.5477314e-01   7.5471898e-01   1.0000000e+00  -1.1952067e+00   3.2242976e-02   4.8367618e-03
   9.6660054e-01   7.2472362e-01   1.0000000e+00  -1.3447362e+00   3.1856234e-02   4.3963201e-03
   9.7374079e-01   6.9367790e-01   1.0000000e+00  -1.4825165e+00   3.2107008e-02   9.6371831e-02
   9.7657151e-01   6.6169592e-01   1.0000000e+00   1.5190615e+00   3.2271842e-02   4.6147086e-03
   9.7490267e-01   6.2946726e-01   1.0000000e+00   1.3774974e+00   3.2923008e-02   4.4862095e-03
   9.6857825e-01   5.9715741e-01   1.0000000e+00   1.2432696e+00   3.3695607e-02   4.2565849e-03
   9.5773830e-01   5.6525303e-01   1.0000000e+00   1.1206344e+00   3.4716821e-02   4.2985537e-03
   9.4263261e-01   5.3399482e-01   1.0000000e+00   1.0000173e+00   3.5687842e-02   4.4727701e-03
   9.2335091e-01   5.0396420e-01   1.0000000e+00   8.7989275e-01   3.6963552e-02   3.6612633e-03
   8.9979648e-01   4.7547748e-01   1.0000000e+00   7.8664163e-01   3.8197967e-02   3.9694497e-03
   8.7282005e-01   4.4843387e-01   1.0000000e+00   6.8738828e-01   3.9373873e-02   3.4798339e-03
   8.4238775e-01   4.2345034e-01   1.0000000e+00   6.0269092e-01   4.0367822e-02   2.8235608e-03
   8.0913221e-01   4.0056738e-01   1.0000000e+00   5.3281527e-01   4.0494274e-02   3.0097125e-03
   7.7425123e-01   3.7999789e-01   1.0000000e+00   4.5903294e-01   4.0857106e-02   2.7962061e-03
   7.3762360e-01   3.6189487e-01   1.0000000e+00   3.9164041e-01   4.1344145e-02   2.7444770e-03
   6.9940986e-01   3.4611360e-01   1.0000000e+00   3.2562471e-01   4.1631778e-02   2.3678781e-03
   6.5996579e-01   3.3279556e-01   1.0000000e+00   2.6877347e-01   4.1702613e-02   2.2217403e-03
   6.1976041e-01   3.2172147e-01   1.0000000e+00   2.1635788e-01   4.1304975e-02   1.7803092e-03
   5.7941843e-01   3.1285437e-01   1.0000000e+00   1.7481649e-01   4.0830312e-02   1.7337089e-03
   5.3921043e-01   3.0575286e-01   1.0000000e+00   1.3376579e-01   4.0387151e-02   2.2063024e-03
   4.9918407e-01   3.0036654e-01   1.0000000e+00   8.1799899e-02   3.9706709e-02   2.5620931e-03
   4.5961013e-01   2.9712215e-01   1.0000000e+00   3.0088935e-02   3.8174262e-02   2.9584855e-03
   4.2145315e-01   2.9597370e-01   1.0000000e+00  -2.6660677e-02   3.6159453e-02   3.1163705e-03
   3.8530654e-01   2.9693762e-01   1.0000000e+00  -8.5282317e-02   3.3875043e-02   3.3866318e-03
   3.5155461e-01   2.9982307e-01   1.0000000e+00  -1.4945502e-01   3.1278192e-02   3.9688508e-03
   3.2062510e-01   3.0448037e-01   1.0000000e+00  -2.2623707e-01   2.8118433e-02   4.1620809e-03
   2.9322320e-01   3.1078767e-01   1.0000000e+00  -3.2238120e-01   2.4953875e-02   4.4616675e-03
   2.6955486e-01   3.1869371e-01   1.0000000e+00  -4.4724359e-01   2.1760403e-02   3.6291984e-03
   2.4993475e-01   3.2810469e-01   1.0000000e+00  -5.7414336e-01   1.9405450e-02   3.4910346e-03
   2.3364081e-01   3.3864409e-01   1.0000000e+00  -7.2414507e-01   1.7478206e-02   4.0026886e-03
   2.2054848e-01   3.5022332e-01   1.0000000e+00  -9.2700047e-01   1.5620626e-02   4.4786175e-03
   2.1117242e-01   3.6271706e-01   1.0000000e+00  -1.1940562e+00   1.3990915e-02   3.1901546e-03
   2.0602529e-01   3.7572677e-01   1.0000000e+00  -1.4155493e+00   1.3233314e-02   3.7347114e-02
   2.0397910e-01   3.8880093e-01   1.0000000e+00   1.4066543e+00   1.3258825e-02   3.4768378e-03
   2.0614567e-01   4.0188155e-01   1.0000000e+00   1.1559120e+00   1.4276558e-02   3.6369728e-03
   2.1190032e-01   4.1494692e-01   1.0000000e+00   9.3967991e-01   1.6199497e-02   3.4832658e-03
   2.2145878e-01   4.2802590e-01   1.0000000e+00   7.7256096e-01   1.8391294e-02   4.1647181e-03
   2.3462925e-01   4.4086250e-01   1.0000000e+00   6.1138061e-01   2.1316651e-02   3.7286532e-03
   2.5208453e-01   4.5309823e-01   1.0000000e+00   5.1858015e-01   2.4477284e-02   4.5726045e-03
   2.7334363e-01   4.6523033e-01   1.0000000e+00   4.1864347e-01   2.8340563e-02   4.2401096e-03
   2.9923674e-01   4.7675138e-01   1.0000000e+00   3.4590351e-01   3.2045800e-02   4.2463358e-03
   3.2938445e-01   4.8761640e-01   1.0000000e+00   2.7774424e-01   3.5687305e-02   3.1781686e-03
   3.6370409e-01   4.9740140e-01   1.0000000e+00   2.2648037e-01   3.8286112e-02   3.6017256e-03
   4.0101248e-01   5.0599851e-01   1.0000000e+00   1.8026852e-01   4.1423324e-02   2.6467406e-03
   4.4176456e-01   5.1342546e-01   1.0000000e+00   1.3185630e-01   4.3150642e-02   2.5338312e-03
   4.8454063e-01   5.1909867e-01   1.0000000e+00   8.2113023e-02   4.4497132e-02   2.4252363e-03
   5.2888784e-01   5.2274836e-01   1.0000000e+00   2.8454105e-02   4.4922353e-02   2.2958666e-03
   5.7379201e-01   5.2402641e-01   1.0000000e+00  -2.2558988e-02   4.5061794e-02   2.9071053e-03
   6.1884233e-01   5.2300995e-01   1.0000000e+00  -7.9330491e-02   4.3680946e-02   3.6194215e-03
   6.6238590e-01   5.1954835e-01   1.0000000e+00  -1.5673167e-01   4.2388914e-02   4.0041072e-03
   7.0425524e-01   5.1293183e-01   1.0000000e+00  -2.3395055e-01   4.0082646e-02   4.0357048e-03
   7.4324597e-01   5.0363978e-01   1.0000000e+00  -3.2316778e-01   3.8212168e-02   4.3487762e-03
   7.7948005e-01   4.9150467e-01   1.0000000e+00  -4.2429289e-01   3.6217239e-02   4.6792279e-03
   8.1248591e-01   4.7659488e-01   1.0000000e+00  -5.4492881e-01   3.4542086e-02   5.4511228e-03
   8.4202506e-01   4.5868974e-01   1.0000000e+00  -6.9414495e-01   3.2767661e-02   5.2962032e-03
   8.6721032e-01   4.3772734e-01   1.0000000e+00  -8.5041322e-01   3.1414967e-02   5.3113315e-03
   8.8793391e-01   4.1411732e-01   1.0000000e+00  -1.0158668e+00   3.0322277e-02   4.7904368e-03
   9.0391022e-01   3.8834528e-01   1.0000000e+00  -1.1734863e+00   2.9997048e-02   5.1812362e-03
   9.1551725e-01   3.6068485e-01   1.0000000e+00  -1.3461170e+00   2.9825911e-02   4.3032538e-03
   9.2216228e-01   3.3160859e-01   1.0000000e+00  -1.4899499e+00   3.0164034e-02   9.0425567e-02
   9.2459828e-01   3.0154308e-01   1.0000000e+00   1.5078442e+00   3.0148448e-02   3.9219554e-03
   9.2270163e-01   2.7145435e-01   1.0000000e+00   1.3781033e+00   3.0434806e-02   4.3500654e-03
   9.1687328e-01   2.4158283e-01   1.0000000e+00   1.2352890e+00   3.0610234e-02   4.2896618e-03
   9.0679491e-01   2.1267932e-01   1.0000000e+00   1.0958891e+00   3.1049986e-02   4.9034373e-03
   8.9259712e-01   1.8506548e-01   1.0000000e+00   9.4123142e-01   3.2041623e-02   4.3445221e-03
   8.7373123e-01   1.5916675e-01   1.0000000e+00   8.1231897e-01   3.3388215e-02   4.5484964e-03
   8.5076625e-01   1.3493078e-01   1.0000000e+00   6.8317781e-01   3.4836408e-02   3.7844859e-03
   8.2374816e-01   1.1293992e-01   1.0000000e+00   5.8193070e-01   3.6208269e-02   3.5290398e-03
   7.9349966e-01   9.3038483e-02   1.0000000e+00   4.8862898e-01   3.7228687e-02   3.1329962e-03
   7.6062758e-01   7.5562751e-02   1.0000000e+00   4.0878164e-01   3.8218255e-02   2.6754605e-03
   7.2555828e-01   6.0371314e-02   1.0000000e+00   3.3881159e-01   3.8302522e-02   1.7878346e-03
   6.8943325e-01   4.7640839e-02   1.0000000e+00   2.9389470e-01   3.7816238e-02   2.1151834e-03
   6.5323846e-01   3.6686151e-02   1.0000000e+00   2.4801463e-01   3.6606388e-02   2.2527419e-03
   6.1775217e-01   2.7700021e-02   1.0000000e+00   2.1810491e-01   3.4637615e-02   2.4620248e-03
   5.8393514e-01   2.0205141e-02   1.0000000e+00   1.8891485e-01   3.2392777e-02   3.4283472e-03
   5.5211868e-01   1.4121999e-02   1.0000000e+00   1.6612481e-01   2.9044856e-02   3.7459331e-03
